7465555491
9116673010
2721493284
9689550916
7813761550
5040574426
8969367096
8778450986
7066096733
5006676547
457607018
5583411574
2276144311
337259576
1469085748
5330744920
1279408079
3044220446
2048429994
8348122991
3070328452
6366065609
5617270748
9445178600
2576892888
7338252808
9241254124
1292926464
8655630113
7263612599
828218502
7711867638
239964013
6576467110
682418746
1931186344
5827392186
7993719709
719527068
5932569505
2381425984
4163183011
9944799974
2141486741
827976352
6081294949
1548126920
6971017094
4865692915
6861593095
5690351345
363756608
2065391353
2092512665
7589294622
6095049932
3312113735
9777283135
644798847
1564120207
2260795154
5697903359
3816768854
5537328181
6453445781
7780820009
719657853
7735717060
1711313925
2065239477
8542066334
9667591773
7832129382
189487847
1341162180
511832707
6844815711
6017156010
2643815989
2569416898
8843821531
1797401775
1884344647
8728470355
1171849633
1170358885
9993611132
5666418824
5373214402
3828267570
1235465629
1538370093
1363571721
2120748863
6167416244
4539137629
8986631494
9410171252
7504088639
9752653531
4369434107
6696485100
965788841
5295225554
6028081906
4453080834
3021596641
684470501
5027656160
2646843140
4110337173
8319055747
9475303984
8636079694
329813772
9869487276
6185676968
6365345249
2846339973
8950461082
4996238393
7905127245
6866293162
5545574229
800959647
9897628868
3407503167
2754983628
171131067
5169655367
9986969225
2683379999
1396004464
8428031630
5280299984
219988121
2314751230
3275600025
9050182614
844075093
8221739451
7882250499
2836668733
1586646279
4102745832
8564177165
3625203376
5981064575
3485021736
2088554461
3728332387
27941696
8642317886
7076637987
9439691453
3281536568
6411192139
6138935562
7109304892
1753595551
5794371250
5245905491
8422007815
3456550180
9811740322
8585281009
8489525198
4671476393
3631466641
6205989529
411312228
8015802244
1488233904
5552933400
4550769432
5852029169
5333349511
8277358024
8522679653
9656213003
5647953875
6049725474
3910521824
167729492
7149891980
3461935080
484757981
1768691407
1510437694
8310600466
2996848286
7858089205
21178717
1927066750
9566597102
9577515180
4795527156
8955981807
1156174293
4413248702
8425902176
1109242545
3020059526
3823916876
466978578
6675845423
9021712371
9966205685
1161257728
1802647936
1451314114
7461100037
5148943976
8836371732
3234721896
6031424603
9484994155
4471883028
4835014812
3454119869
88398879
7997226469
1557571451
5054521940
6571192927
2768571611
8698046344
6549602880
374423705
8752613535
7193705967
1923911546
4925904404
456856276
1098846319
4622106498
9701182150
4737338473
3675750931
2921826245
4764987258
9279892284
7660690623
2921330747
7975871474
5449640399
7056282116
7655614247
6390367275
4782929806
5307034088
613490392
9404184080
5856493295
9427535368
685348650
719221591
7154285712
9496769994
8748911133
8830856724
7159640506
21660709
5654176183
7884847814
398203782
6354948219
5518379279
8353063062
1310047477
1563465030
8781220132
1524798910
9114539979
3464329510
7939371394
6556075808
9801516543
8149506795
7842394293
9626591522
9387521850
133333570
7648878395
9439570685
9840927663
1690852143
505977084
3211986702
9346462237
3954131364
3082007742
1897581022
6236953264
254448515
8253257440
7054590854
5917074122
4555213527
7053548444
6443823613
2034937889
9008238257
1819797475
5804194409
5048061924
8168902029
3417991898
475023989
9941859339
1536316087
1362261085
6021368855
6221730026
4263625375
6800319667
7570263577
3647658580
6337887104
1801313792
6940782063
2384544141
699323183
8126769526
9082537022
9915050725
9424883789
4243187409
7434382700
1549770645
5627141300
5172791217
7718199027
4504848151
7102792242
8672012600
1108304844
4546224766
7841607031
5009716453
6796718140
203960693
5251822596
77775628
325548312
7207175733
1402407299
3529373521
8790820490
8323183289
5074936187
6041448203
1337226855
2980962790
8517795462
4858331391
8797132923
7888649896
8492244123
759999579
7711154146
5866200926
1266876198
500328373
3465146231
644825667
5727239525
8471252565
6132278420
5588844170
3776306421
1565998037
9268550290
9573226149
2480726176
7983354399
7667583606
8278961522
1863723131
4744676166
4499914545
2842621587
1840962470
3693569768
7464140870
6786932714
9123748848
1134917910
5437008184
2026274186
2651613556
8752439465
1039846593
7264397917
5547397821
9016569894
8236417928
3004999900
9871658495
2801964234
6699882164
7724658883
6138054210
8993250249
9604087229
2375416215
2736438954
9580482564
6718835842
1276823531
3923196588
4493750264
227188363
1942160939
6773202168
841870016
2470049512
7065888472
4971990671
8870638914
1906891194
2046055195
1429633072
9968904006
9299678224
8772253253
7455502440
7652904615
2190379078
3688241657
5485970139
2615528576
7535574455
8070576105
907215971
3097181122
80600426
4349803440
4406280181
3436429221
5409351733
5546218291
6219235433
3599292580
5621237953
9491820605
2354344939
2199865005
3154196939
4805601823
9784893302
4061966633
8433330670
6305051894
9705729739
7597808805
9234914535
5136372818
5383830626
468899037
8514517947
5250011406
4864169316
777644919
5896888950
6253260981
4676148144
3006484814
4163028652
1924605064
2048651148
3617286115
6839854114
8199481390
3964678188
2093733609
5037008053
6131482709
3037110990
5051711478
9463518856
2507188805
7562801187
7576127159
9212033455
6236905185
2271267838
2094242178
7537036373
5670778850
3302451792
5976898605
6561710803
8267135869
6971273970
562960550
5541689272
2455962451
3055287266
1018868403
3407428544
8158510367
4973379576
1877974639
102928370
9529721072
9175663895
692957739
9917689620
1225923727
9066352921
5879900547
7499843856
5087996808
8988349053
5730519616
4450580875
2071616334
4257959774
1701939522
1623103260
5385166088
1690903031
9040299639
3660494569
7839640162
1987905900
5958498831
6656139269
4382083129
5079053258
4812559654
1928000995
2909757145
8303761225
6098984788
5532738848
9848779883
659924994
3416123566
4461081119
1495303433
5489021857
2492259217
8256353173
1070080141
5912448774
6623003972
5817609878
562053841
421194343
5634483004
7186809161
341863994
308177055
827887036
3106229211
1076416286
24139349
3593435253
8420121876
1817544615
6057057832
3081995063
4030737527
981821348
9897945946
1772543440
7308593381
8833445752
8178679582
5343148203
6631856967
7277326088
8624894139
7304899263
6544192861
1181704751
2624325769
6362058118
6965729134
988306933
7418062298
8512971553
2733588016
2451692357
1427080270
1034343609
8322612607
1391633708
8028666461
9636408948
1700374950
3911418344
1885210367
9749346814
1051447465
7080638644
5799409204
1888068651
8847381540
7384564073
5301474383
5581541945
4054624836
2863641239
5802131378
2993237645
3661799972
7439951251
2342034697
4736468743
8446024748
6464922657
335463082
5898875376
4401015756
1236627585
963123566
9785346573
2671331918
8491172230
5550574978
546221883
5253564981
7663429279
9901641176
1454867652
924126163
622478632
9737230991
9771055481
2209595876
7933262583
925795546
3779299317
7305664520
1638988408
7089266420
5943335343
516055692
520962164
6374458437
2602088891
1324531456
6536343205
2375799512
7140004364
1761934652
5338054407
2264625411
9238676200
7319829679
8737584947
6333790299
5734501701
4151239626
2139535900
2142914020
5960233569
6081186627
3031148791
1943450217
5968284501
3507970886
7530952933
761925250
4139043404
852680605
1552201215
4736979564
1757450554
3132103988
2308669622
4848479923
985526115
985531690
6209256544
1387493635
9164086136
8213185566
5585020899
3186018515
343658304
8891950970
7286085184
1331010832
9337423717
1571217140
6949455377
2650188922
269715948
1289207394
3893080762
6434124659
8293250469
4745198905
3135525089
1280873617
7094771159
2768153225
6707438243
4968873997
1347674284
5039628952
1650722830
7676749280
5527971782
9356850994
5915656628
4879900749
2766876028
2688630900
2635410631
3097388945
9871522123
4835124887
5778708281
1995727406
4500428863
9476705837
9133463110
5770489313
2731632245
4451271073
6797687779
3142478605
6159516186
4059233388
5115996253
5007482436
7521773486
2207792760
1478296251
4071648694
7137880343
3758037399
7238757771
2538925292
3126948979
3552953884
4167333779
717416945
6227072323
4496993751
1250509337
1595791572
2175367144
7125606658
9623649234
4520103347
4731439387
9787034812
3959553106
9995075612
106815470
6771438159
5648139075
5276384026
3033817162
2222470845
5267378923
7518522906
7313509886
4540346402
1029704069
4258567564
3266389109
8561572875
9677717994
4165019249
2120364456
4884099625
7378637301
9175622481
6701541951
2915995660
7379417299
4899128439
886728946
9880798209
751215294
7605563471
6860927838
6872688557
566462827
2416198127
1266473390
5255477288
4509040453
8537148112
4105382633
3492832596
4717468255
1899752109
8439653416
3683031912
8619723926
7861312795
6852038226
3060144964
3136654988
8766348106
3309559287
8143475806
3396980855
2741770574
9274433814
4705307100
4806188757
8026441429
7751982405
1229912920
8932675738
4800503791
7234036435
9122060796
8193725985
6614841454
1322008563
5273415084
1981179486
7027670693
9574466395
9893684700
6844331577
4644350134
7943688035
5737872918
6559528530
8296879233
3555768628
9655252892
2100684246
1410822270
3444172399
3700466903
4115669258
1684454064
3370810712
6702533197
3841570574
5627447183
6375270897
6677459639
9367462458
7794070653
2488553226
403472299
9219204702
4379356660
3700895471
6890415449
6335317238
2912300314
6578594994
68055971
3393766387
4137703362
7744846578
8959277865
8804040251
5263053964
7201198246
3289591721
6064459003
4825734591
4423452507
385560804
7582856243
5796849736
5628791763
404375296
2952130587
5847907435
4190197330
9711471925
7534485945
9262539166
3058348922
5200434624
1767871062
8681757180
7707161909
6699569964
6499529023
3997069524
20990227
6871975862
7971370423
9388923120
9493040060
4233410658
4330076134
5937956849
4818274341
8878309831
5065696047
6250352927
6879490177
3362824612
5584296571
9516068655
6992220782
2001810705
4317470627
4048617311
2150070467
4594102599
8799902591
4174060267
5498975662
2121285716
8163232297
552623042
9272942244
2376018912
449304041
4929618847
7487772822
6572876389
2281803
4519218871
3251741205
7648461553
1571204278
7134963622
1329172602
3390939675
5080418607
8246435564
423596204
9432212330
8446979698
2388471683
2982478729
84690869
8596072171
9699844515
3165321194
6352040158
9867768455
2071369861
3407826495
2013514398
5924565504
4848795183
560575587
6912745316
4381529199
5449866032
8397437179
1791711775
5885086921
7713122446
7606841964
2976418255
8895660860
7749332751
7788278024
7464008950
1757043066
7563700995
9522521944
9146029837
7123968126
3985756628
7141744109
9453530169
7639563553
479499137
8143908636
9659702061
9820447178
7693018452
2422304337
7964165264
424296032
7759200025
8928172553
179590544
10045811
4703103933
5097886143
9808770582
6233934348
2426449908
7058983370
4643847571
8369675252
6399550055
7543958241
7497877381
1334298986
2822427444
1478952202
3480503776
3994117360
2516722693
8774443248
7120769445
6097229324
3515387862
1609296671
2731528573
8971763804
9496621531
6055192335
3642492168
5965835042
8077747226
3917036232
1924079299
1601593910
9888186526
1458692593
2911579975
4729807201
3965425068
8404554303
910670182
7066456313
5339686825
5291079976
8235899361
9203890130
7832370745
1521743507
5755741216
7810635369
3150538306
1394292176
6856472511
2778189262
6163170712
786696165
5946113500
2362461102
5610792413
5594966804
9179016995
8988776438
4653986452
6857416839
1853724179
1165905816
4308477950
9143878196
2359729058
3410190527
9366334465
8111095884
8014128838
8573642852
5359383629
5322525442
4730403131
1201818666
9798693875
6963787374
453652059
6518064661
1696822416
3410497141
5181680960
3309193014
5595402859
3051355326
3656684885
2551473912
1004177899
2026994377
1091605770
462614409
4137994782
7846402725
168111636
9700194419
6601069659
8193514662
9437768330
8618241179
4639411756
1555303303
9265797706
365237910
6638004121
2730941012
2200515762
3739068950
4396408520
2252724181
3377817488
6133454003
7126975699
3917138221
4576900800
9282317048
7015665268
4135968563
9907122298
4967079567
8776714349
3355907177
60654341
6254725465
9594803779
783166214
9176595726
5266472758
2636655176
4604050580
8627636449
5008717251
2279829598
1489958388
9372155533
3848970963
1710170127
4347479430
5218782263
7843554318
9038472593
2828566712
2546913798
2821616217
4835499252
4883863790
640662888
1361696997
7816725685
3793912549
3147172400
5119830501
4214687241
9378280011
9000449758
3880586814
555813106
5026895143
2011762683
2659949733
4909328995
3553608836
8469187602
7070757585
1787428777
7056388369
6001712096
5041997822
8049190710
2070943360
263099536
857413103
6986271316
4876298833
3993024687
5970020470
7953972402
9701553529
5820817337
3625269899
5081242204
4742860942
3947618549
1234657611
3885298194
4245118123
5688476948
7489300285
1284836688
2484972833
309599874
183642272
4030703584
1423248656
687188450
8248337556
3417571151
3694720922
230484869
9497977717
1635931286
4936626090
6035759170
9073332920
8928448807
5454679600
9381934196
6612227663
5419275109
8841007726
861992447
2354883243
9659030055
8029342437
883792150
2756234600
5378099857
4276071747
7433612248
3362114319
225435532
8101890536
6620349628
4786971943
5875753390
4437952454
2167022894
8156096804
7480226359
6792954716
9373139424
8380373133
7680928131
3573792130
1071571069
5641038768
3324911872
3808682949
7254983497
7408219640
8625657259
7564897133
9823146976
8373709640
7382218473
8771214471
9707830494
5637533652
5431058535
1162898830
9187102593
9134718355
2700468029
6411621588
2212400556
5524816873
3236557841
2574365240
4484357765
9680442584
7924716418
4485593848
7860407043
8035269996
3477544057
6575658589
3673463077
4695264150
9985562439
2070895693
4554490368
7596788939
5359211492
3598642200
6879670456
2440328764
6777289636
8132949729
6848940704
1239296030
1388048560
828247989
9287799057
8135468814
9103042718
7133150181
7561449396
3266977020
9006327442
6164668941
1265786457
4956332462
2028360031
8265714119
805501811
4080718384
575359154
6379226117
8537999940
4362807183
6602496166
3668650240
7655273480
8108186707
8885970146
6995212391
7711236999
4531851401
1597468539
2954323118
6818092524
2128928484
1403171638
7911538748
2855355432
8822929362
8907165274
6892993687
2547877180
9101545370
1897361208
2034940491
9920456791
8845688181
3053867826
2163609702
8069375463
3443813623
6483776395
2198288126
2450241867
2489754824
4836888104
112785959
2837137087
3869596459
851908306
1937668279
9860686634
9618915559
9576522868
7678309506
3798332138
696653553
4242378440
5928206537
7538362857
2391181817
3840521772
7764648219
364550012
9998200446
5264528900
5704310863
8036915288
7453090908
6825213957
1423786597
9782880043
3752868035
8636585068
4043694549
2544135207
5240365408
20656909
6872787192
7067970564
2661250943
2142142112
9796488157
8520329281
1600212544
2306704744
5271943286
3715443660
8056093514
6575704601
9585153129
4732418584
9511389909
7475149369
2919958207
7873789277
8899348997
1199257403
2719836823
5757897617
5181363280
999591207
1049320138
4956340059
5176045234
7372701179
1999503523
8933446690
6727913264
5743147313
4481934813
4025490671
1536465182
7228553977
6668120871
8177492883
4657693141
8377542190
8134910395
9668760862
5930192953
4068759657
8464735271
7563378692
263543272
4799248991
8417833679
8841171931
8162374679
6623970220
5801092629
8621801597
9819921147
4912681302
1871423176
6521993350
6026016357
2264704010
3616467165
1967619225
8554061059
2564559089
5236732287
1059721421
39727979
9986449123
8443759905
8103374291
8309759683
4611806551
8704474750
9892869186
7472236155
7206139066
2047325196
5942062382
1219307953
8018027290
8620717808
3702200914
8580847404
4813007007
3662249129
2088446524
5161375733
2097176074
8045502478
759006492
8718296870
4413128562
7412755015
4076907815
5146148127
6111235879
2820978302
4562179742
4350820731
3917681499
408079509
7639316256
1869107696
6371050764
2090116069
2950466353
4508420255
1282812314
8428981199
1894560987
5023074756
1354891017
8958830903
6660279552
3823641029
5011285818
5618408215
5265758952
2412852367
2954759730
2160884242
5793965993
8429578315
6600034469
1651492930
6012349401
2769154929
4982658940
3022416567
9823066500
5460976008
1458137627
3630090860
4465922669
4865855975
1301251324
6746168659
6083940809
3806903931
8218471114
4038447819
2178400956
704869615
8057712796
8681523665
4905282245
3789819017
1460720173
631197348
8447925761
896031183
1002066655
9871907063
6617325040
7061857566
1039808223
4792665270
3991238055
8335921914
1034946032
2935062280
4710734030
8319861262
2490959925
3444518778
3999027188
1643424637
3813797781
736217092
2295530210
6083165081
9953693706
5992962248
9925490339
8291497474
5821216677
6197482589
52688977
1572422679
348893427
4566820176
3710506115
8659336538
3718475596
440975078
6422559845
8760749138
6959295891
2763459060
7760949218
455683683
7133101006
1850804793
6696871938
8506385171
2794047699
3613696171
1095641516
7982789039
1053590719
5499175975
8253296670
4443093823
163229551
3174173668
5682768165
933555835
5163012275
7823131297
775593207
5009791012
1780917680
5509227068
9475614105
8761033146
2442042719
9008978669
1529823625
9922570116
1704800283
5435531092
5060506885
9919428547
7107910785
9502826943
4714022093
2058402090
4290256454
8070789056
4727534817
7601077046
6008494894
980122406
360525679
2209549723
9053108273
8895687930
4618969666
9040274575
7631939714
7431459052
8935203438
3345554466
8171458619
9537373342
5289995537
8513885596
7147723065
8772500409
1545465830
9815676752
4542967328
1080649120
2013532669
6669482065
2430894823
8727733718
7149613466
276331061
1506982256
1529607736
4251173339
3290499124
4693899799
7681706507
3366285248
3821769768
6206196863
2522632292
8913423091
5100220258
7781416510
1456295941
5247841411
8894494236
7237859055
9164911763
3812418984
2993558932
9226142650
9288798029
7777066529
1092698682
223289460
9953171499
6690578045
8975662189
8881904593
1240535112
9565022257
7918947300
8896162628
6860792150
8632102808
7496141664
2074334689
9621954597
9515243613
4072661287
6880155922
5967466278
8649445454
260282140
2552130278
493848696
7110168156
6665675075
1380580524
3321179605
271126981
4242124868
5848482335
7161916367
8258787988
9455465931
306038769
6421565312
7406125100
2855190149
4694219374
8960888289
9315925106
6173750802
2737480245
9981487045
7885482123
2103452670
4066583035
9527788798
3101987723
9649854382
8649646560
3362058615
3016251859
5475867009
960114461
2177877447
1534872112
6734928981
7751179499
5973494463
2573680651
2021250621
1211903512
2413090624
96253346
142347390
7388048720
9671826994
4145929473
5214451462
6734160868
6185577313
6925878078
6366065021
7612748478
8377866438
7160867689
2982276205
6837936348
1776699947
7474283439
576074931
3081327490
8163976975
1565420467
3634912306
2644047036
5479880896
1623074547
8428425020
6801516124
4712254095
5248668884
8225170919
8584064932
2323685830
3295690268
4671220995
587977920
6149302349
9107194656
4241061278
23032928
197188012
7507040348
2707797507
7605986539
5437250957
1248093060
3343340781
1778632193
6138071940
4541074941
290925714
5640710658
5273285830
7360304883
9787721295
5501579508
6055083960
6391143793
634410824
8336304840
3283779102
3812964433
6532902159
6220039748
1941564903
8713504781
4370743055
7168349926
6896702802
5699645239
3100786577
1170198746
6919469584
6122521664
8032955282
3540405329
1990160928
5518739893
377933312
1952961992
244606488
521722938
9195580737
5210081937
8741802713
6071928576
1999966632
7935263570
2711681499
8990025721
5858067134
962309159
4988697785
1165375564
2638755883
282349984
4836163320
6320515440
2042523025
3522692998
3378886464
9838615909
1578679765
7954406412
4728930761
2148752880
6273198337
5143931804
2593073296
3028285225
7639801154
242255791
4871394956
486730749
7927846605
2794450140
2761463824
5145634894
1819915414
1491751214
1441643449
5160571041
405007973
6914643687
2852078124
3426717020
4920031280
730861475
1597216663
4998863779
2309724647
831356170
7797196885
8377963189
2875749208
8055919969
421939200
154955347
8243471690
6456063808
5406067514
7694345592
5206011392
3352353980
7069834001
7635157639
7458667938
9982957904
6605951718
2813057708
5823266319
8223988869
275118627
8593919911
9142541789
5288372759
7598999410
2432313206
932739583
9101219353
2136751163
2187814275
2284001913
7752219658
7819624296
6974824058
5394603026
4216843569
9830583308
3440536326
80903779
1736219091
134863228
3367452867
7448765495
647999051
6752296276
718511969
4925706322
1885704011
3226277344
5393356745
928734426
9387825525
8367248044
9494423484
8301751543
726406316
3232224227
9529882350
6244669945
3701393177
7447064697
8558295290
573495798
3563991928
4383385020
9289901902
1838914318
8636670324
1348644646
743740988
9949242776
5381639239
5835827938
7277208332
11664069
8998956759
1660279178
3977022968
5163892142
1983780737
3204660387
6551659291
9135279193
4785546352
9353171574
1657889622
9628046060
5043412363
7839665213
4643167581
840672544
8117804445
6042094120
1465005974
7701364951
9765459842
3274272985
4953026657
8390254566
5002780686
8239609110
4573394481
4232581176
1676094237
7770707933
9529309429
3264177522
2097722689
5143332041
7849997997
3777852740
9876383366
478256406
6868586814
251489621
2031326181
6693915887
5049712102
8647609469
8823742708
7568801537
1154066823
3278085467
9117543407
185040015
4878639893
1723180056
8285997696
8222253606
9489052057
8904816201
4152970866
4149549909
3051704464
837954691
7198784161
8832764986
7737880263
3903742074
1425550131
5371722730
8918452962
3021614938
7047378319
4436870880
8915939824
4921513625
3995774204
9036017665
5554149800
9076268605
5124912840
6781884867
9278256502
1777974844
3701677985
3262108127
6042434941
5904724901
3602470428
9899846456
2707628686
6381257900
4607682626
3086740580
6821331185
5179490858
4652363532
6438832651
4223862971
5381449962
893888821
3741651285
7407076957
7306793191
5225594027
9640508130
3431559419
2773146623
5399349579
7218087667
2686482335
125705065
516239208
449697078
3733111026
545740770
1420922181
4288768204
2898176657
8143541444
4934484824
1444109952
4267497200
3683552972
7882673072
102678974
4251545055
6009386748
5762503938
2899428165
1748048391
8607468296
6580846573
798652936
2892614060
654842362
1915549359
7801156204
3270322307
3961167459
2200803423
9409764378
55856517
9025400998
6527342115
7290766538
9564396402
6971357606
9677940002
5531382559
51440189
2619133858
269892888
2414675160
6214258636
7182281297
4424739705
4518409368
8732870517
8660342263
3462548589
4797870200
5672759399
4032253505
8887342977
1309735228
5642486625
6431479552
5714920577
141127569
3012140888
2678861353
698828921
9079382661
1164846715
3450122462
2604271962
5953583036
7805261938
6396482787
2872604877
8040287617
9638860125
2002715162
528191807
5845983384
3327808032
4667935383
4466720141
2304657805
4864258327
5546587279
4719680596
3229997284
8171605124
5997783992
3302722379
490320083
9149571750
2347683767
6483720649
477833829
4266990352
6352902429
6926200933
1730659577
5356867129
824198503
2828035711
5625238657
9226882022
6875492301
9159622725
5461323123
4088926591
6621127697
980816127
3954804047
319646100
2455580827
4361989087
9980781231
5424087291
4587556791
8937054716
510272362
8681847404
7186523186
7647023088
4081479755
2082739288
582336540
6001443692
5685906221
8074613841
9195796566
9616292607
1220498256
474458918
7208177718
964394215
6697716908
4986515038
4249809541
7828125182
2639534020
1896011140
1123330836
1279650629
9430905853
1422498670
5863110709
516165269
8400739284
8777218571
3874125659
2781217342
1441751429
8927908339
8070506743
4426809660
4436466909
712486733
253936677
7946273176
7991349433
9755629609
5816490312
8051017944
6285775161
9006121228
4683587161
5093162966
6674358119
6753054427
9601017570
5099480936
3946628369
3189878958
7751366851
1521928909
1256210965
723898176
1954925953
2195379912
8144453411
7585208506
6927850084
500915198
9500469113
2552492391
1302517021
4412661226
6173370691
6948871066
9137852963
4091987213
3412364567
725754749
3152985243
7148336419
1380131777
9147240970
138663835
8973205617
7742664974
8251243559
3544487885
6265464320
4190136494
844929234
751955458
4071775791
7880285193
4536455568
8588487470
3314356618
3130158553
8790807287
3617733367
8900886380
5702520053
8709668915
4915323353
4692675716
1303212629
4268598460
3909733444
6760229004
6881092141
6339846823
9342933046
2592854082
3706672645
1313188908
2136182598
8063059496
8019061117
5984762009
8925411806
5110192624
321601261
1979436989
3538276272
2323677426
2984641367
3021073426
6713943323
2922812995
8968652582
3520629712
7864039401
4213291400
1885784365
8086494781
181366226
6860437369
1157934990
1671762704
5707946984
9323818754
9166216959
4000401370
6965716749
1490077916
1475139414
6146052500
2708031887
1086203702
2983938419
864319633
748489970
6973353208
6916236949
1853416453
8366103181
2972764228
5270732868
7971796756
6815014198
4725031517
3779381990
4784488736
1152179207
2758540849
6491594114
5554677387
2139178063
5725588823
6721927107
8694311161
2103320421
5814978089
7047083810
2912872060
2844309532
7752076052
1163060489
2487487785
8113563777
5474289412
2387354617
7021146160
9083492873
5832610763
6558926278
8655944888
5995575079
9451349534
6236494167
8667020099
5400647523
6986516137
6270010245
3777792563
570692885
5563397366
6657395112
3817993401
8840236482
3509116835
9123137863
9058346167
5762444504
8063867718
3834445567
9622915432
5122992210
773709510
8595384451
7969402215
4432031649
9125896051
8715391758
2506256469
63315684
4762848762
1940338504
2450991788
6227090677
983956701
1406628521
227096173
5554209062
1575865131
9741081083
3168180404
2771293140
7320187474
5980721211
5650633657
4182097819
2043060830
3845883112
7724494073
3384271428
2136763439
3066745117
3383464969
695387518
2554742225
4762663222
2038507957
2889989311
194762500
5663870451
4262268386
7269622612
512421372
5633000372
6621720174
8497170167
9378657258
949315248
7790887539
1807552048
7143835745
7650849473
2976671146
8383201002
537664341
7161254947
7523632565
7543507110
1331260065
7227225420
9229096454
2708437919
8838757372
5016578226
8869204740
3870136420
7888236696
2678313540
9424551718
543316722
3959510997
3174305360
5776079920
9582150715
725216778
952067890
3324487527
9271179649
2756093321
1076730597
4323351545
7315126524
3053481915
9030501574
9260089337
2772278185
3740235563
9790763067
3153970112
7988026054
5188787208
7413605761
7930433285
1886932569
6879467853
8509443176
6141558984
3552526699
4132142442
3281812410
3888099704
2980981220
723530510
138664171
978106642
8782034799
4241462206
7497933310
1528039296
5701591239
8185698049
9890941694
4891927845
9042542310
8086458624
1499766686
9919333242
301521388
1698101899
1545210167
8088438129
3150380639
8543084217
6371769707
5064175768
2019102108
7083059451
3302602884
6944280407
4125381365
211666802
8589086587
1643295846
7978782904
8009174357
8842218225
2026795908
4540390472
5033898407
8734854630
3277885853
3321309514
1398450240
7912853184
3067552161
7737855775
5678867747
7647606772
2362234045
1738987368
6897159807
2708186715
6357732528
5064641292
3975223774
6800342393
1158882799
3032547216
7893756606
6525057727
5197147338
647454480
3727862831
8596988501
2578578916
5223600562
3015272137
3414963356
7402807907
707722470
9010558362
4657706468
123770040
6719844442
2738531326
8455213181
9501182050
8945445158
2243485806
9537546464
4446090095
1058954150
9743570383
4503816466
9682994879
2975974705
3824075293
4691669301
9448448538
4408737332
7872287105
8414788913
7453963870
1045432249
6052359386
1144689487
5242847109
8065487801
9696411506
7706049965
7289746700
6391656428
5235099976
5934003786
2734773889
2970214359
9765869331
3422869917
3490708792
833780067
871086720
5057975552
8915044662
4237634843
9345910458
7606052109
5449760753
4009955055
4713451951
4113702380
3842294081
8094997255
9348956209
6082367460
4062453496
8345681800
9868296483
2519777969
1511970914
7833059574
5458676627
4918490093
1954921366
2144691678
3027444020
5210761568
1111066976
6189309336
8706985574
7331841189
4565859003
1444259528
6594781300
5030205260
8171374652
3767553747
3126446507
8488322424
4271242838
4807654306
4492604956
9150164111
1237605957
917589008
5400430908
5885858345
6136311821
3085992924
9590643800
9785763090
7586929692
3427674106
3146924470
6871654881
3998197381
1876737301
311329381
9020693561
1670252248
5932703963
4510447096
3445345605
4971397861
5684394964
8176433009
2638809674
5024629975
6684393714
626275433
5074589399
7469972679
6654463185
8657610007
3826714295
8618280102
2981861661
3108134242
9472366655
6983016098
837151593
5693082893
6003129941
4023814596
908490817
38727497
6329878514
4255638224
950742255
8941812811
5398523223
8244479703
3611682370
1676822978
1388135951
6428637359
7259713123
7381997008
1610409624
6560700199
3522696042
3969212825
4183847768
8430827314
2295797418
8716384492
1241104039
1302521149
9112764797
9719637576
1525014290
3378790023
2345065435
3302500852
7733300109
466914137
6400761835
3657215185
6353032797
2738190720
7923988465
9173496489
1909908546
5493962213
7615455318
8198180858
3330992487
453470395
1154908198
6117438760
4218157763
3124860264
200151947
1265172589
9346124386
4586669153
6961597054
4440954328
7015370675
4616869985
1939816054
943875522
5812900080
922406703
63044238
2554390245
8678300055
3735822858
8741953489
4204169508
721486801
6449974563
7421592520
4534109259
7802402625
5123106257
7149643883
2918405498
7558050479
5960728651
440095830
8577561371
2555344583
3696067114
5701477801
1303641110
4213861677
2538523466
2811146442
1039182391
5470006749
9046353655
9346057579
3299324000
3202758953
7250202571
6519455056
1170883135
5262483917
5619389216
934069117
4458970271
936670831
3875463510
2277470397
5956494353
9630123674
5137145479
5460786446
5461274125
3841430081
9857072595
4725726574
1670190417
7186964194
6303308573
6299776935
9574872771
6569183347
8332150385
4409205215
3799535323
5385297758
9692425259
1084343309
8795911534
6670472584
3941167250
7888806332
6277510012
6996794190
7456588990
9280275375
7827959069
3501655461
9902493680
9088427863
725071195
4413572039
2795974805
5022322055
4353181063
674321946
4385084601
2879230722
8213557196
7002852965
7908674037
4742555160
6452204575
7383636862
1171081932
5504513193
8405634492
4265446524
8535308485
6637691829
1209874315
3858981996
9227729423
7171926132
7117103045
2503033242
2755124557
1861554404
132136080
6083126336
7950461051
9841960769
4992756202
7944242455
3065979324
1059754967
3754094822
6076562934
4330434886
4581882772
8876000718
6729892019
5202626265
1440017840
2655328646
3717494298
9152677133
5230863335
7666511153
9117830223
3489155182
1909463380
8493262288
1634737802
9775721290
9654306599
8568930611
2059829640
6164042362
6235616486
4495403535
8405761250
3385117909
251255096
5337905587
9451450594
5292210862
6002688981
1913264765
5460655142
3451654885
6601936661
6570766684
1805125040
8375750635
4488425174
8541525927
21687490
2399314791
2003510948
5454751101
7424200526
5331133235
8323913561
382022876
36172
6662320437
1195380931
8625026453
2493198992
7881431372
4475233821
9553879979
7157479890
59550492
4681524582
5258901271
2460397875
3308702464
1503159969
958627405
5955887537
6288200351
6129773204
2404852293
2269722749
9166423341
3062969396
8451685597
7297813144
1445046836
9012416305
481409646
9162313828
6344503495
5001457645
6488919867
7448822707
9079193534
9085654072
6865547853
4257395620
480022429
4507057421
3735260448
842226357
8970377134
7076211016
6318769794
8721498364
2831810150
9096521692
5288715096
910431855
7859612225
5102642272
9055260870
9603487304
7364993911
6239734766
6136565676
5099924078
754706982
6324894301
5262023853
7812669594
3037068972
6822799259
9954051406
5017935861
1956760347
3318278423
3991366402
1438336076
6778625801
1914648904
1815643451
3471209495
7390608571
4550086367
5169494933
2426652924
3102704670
2248268239
6353184341
4643067519
225806652
1059998642
1007517723
4199653340
8796463469
7530678199
59529589
1049324962
9555171574
5124951076
294942704
8656970257
1726617319
2210140268
8620538423
1018143950
72109362
1165902693
6994939515
881860026
2793119444
949282238
7483670331
3482861358
6086369389
7490262791
8129475626
5519190015
8499277901
4063306749
9471393580
2503279513
1984471918
8118498627
7065485353
5431367359
6869982372
6689353697
1664067472
51667385
7222253910
9068814353
6905784235
3279195324
4719525030
6237479790
9161436704
8630022836
1292902461
5053664208
7692509741
2186321186
8971184973
4445306799
3975159439
4658706619
8738452524
2352150702
1178507038
2860165013
1098450279
6303636087
9244720231
3821502427
6901581257
8658844105
1279592122
4211983603
8809788695
9208024322
9125852691
3078645110
8397249078
7462261363
3411497230
6557929956
6654048882
8792090353
581585953
3889384412
8090550878
115262438
7250151306
9241563092
7209136176
9228602127
4680602124
5834628125
5072968867
9592633425
457293515
8910760526
9290414537
6845691873
3426290893
6205997358
5459764631
7068954130
4879445782
7031859395
6826308717
5773458949
794187200
4408655850
5654924394
5387102465
3669597685
4359238068
1444382461
1660190288
5947428732
2792156897
224247351
5616812489
5917450355
6499916765
1894060943
6268705554
6023290108
6258399994
474196601
9610371091
6311684063
3164865606
1064942112
6973794
3053855729
8937019068
4876335157
2484097623
9128409229
6424268747
7940291376
8192609683
7977464978
5202621644
4173821986
5766148461
7644521914
8706721122
1176078691
5802230476
6546990260
2188811920
5221172395
4417847296
6928321384
8661508665
4795390857
4148598992
8447812320
383730680
798818256
8041260359
715422826
9750286475
3185077294
9899847779
9873217392
3887777406
3528304261
7349637775
7580980339
8780523407
9936182242
536747427
2914031241
2513639821
4956293972
2598610976
3740677233
5949146775
4405961294
3087578283
7914956816
8334133145
3984627858
1305066880
7644739841
2848231788
8733932157
6540031002
5753004466
4847080927
1350391452
3670466394
3555590003
3255310318
9160990055
3883185668
8350215097
7796582677
1045909801
8625807174
9343466720
6128149223
5413145536
992228578
1689032924
4442264006
3960063117
1910499077
33553651
1955580076
9011114906
3719341367
5362841525
6056975857
975548995
6591714238
9011469503
7626312472
8477097193
5950219318
7666402324
8170549026
150659087
7985696355
6183678942
3829082559
3969035632
9000634075
5637368346
6601889648
7380024
6583361673
5888377054
6177973064
7331739688
357166148
9402394358
8905112762
8658151715
8185706726
4195700099
8296173902
3437054583
6227813568
2130196662
2176027312
4395662337
8380178141
4629727278
9246190156
4169300234
2556922149
3747810973
4607099986
9603965678
2897255682
4895927738
7015182527
7233443151
8647440606
9780046664
5575826137
8886115990
6655077965
8886967552
8415116970
3548849007
5200892435
2065830234
6068118065
3979866840
3681009850
528007981
4104889576
7043062482
2000266739
3592622485
6277779401
6442191189
4721264918
7075779902
3521940744
739499295
6757853252
9086546440
4528068788
1630136396
655927108
6754214390
1471301565
1541993376
8622718352
8117976671
9358519992
4051189015
6832280440
7718835107
8113685375
3353849057
7251083902
193545290
1597801477
8734720036
7517896361
3923909379
6847279467
4035661469
1518128511
9662453102
560248115
7523324285
8886663155
7873534993
5247188413
5991463187
8325599565
5716051307
7469358026
6967554089
9882641720
1612201770
302012354
1562280997
9795709961
4711117259
4743406627
2892683301
3138763215
9755179280
5709442176
3959283642
4267339791
5264724590
9019902992
6297309913
8513152328
5880737429
5771730410
3533674282
59894147
1372975515
267313726
5704877656
2523792484
5677518333
301449617
2450201244
6836710065
2167297296
1826516411
3753866594
836523655
1771623632
2169804445
2413443997
4834908652
9287301858
7299421730
2085289520
5511834267
7892273842
6676179770
4534183776
9537497425
6443320311
2993219593
7534224451
6067570250
8451737181
210210148
7221115365
7685751070
8382200531
861529457
3413079196
2042487461
9349638210
7812873424
779106643
4849376041
6937057205
8073084753
4541978464
9645602008
5000724876
9455171173
6362864156
1062720941
9204331892
8644802651
5984475914
6786640036
4199847111
9033612655
7080127870
3742465696
5746165103
609274786
3826653618
5771436964
4063054620
5590031298
4272885113
7505881338
8457823944
9370160025
614693268
2201783432
6746051659
5746617098
9779259950
6368971108
8379599926
1788461490
1935259929
7176770059
6649906806
6909245857
290163051
1177209196
6821828661
121361305
3298630658
7725416581
201095524
9286726155
264396743
8652555448
6807569895
6049530858
4634078707
7281713617
5700135091
7396417071
8873036261
7564589006
8430318423
9376275798
7679169588
2562199096
1956634413
9012833897
7340286020
8174944100
9630876084
2347524173
5012518178
4174710641
2264040819
1011289416
7497291591
3411852486
6287352576
8540846615
5092344264
3618545930
1013837242
334122047
4562921504
6840575776
1961423792
1260879007
4880331172
1029033497
8943338331
3714630132
2088721500
6511176342
5119418220
9092366277
6034676530
33326354
733629134
5313658279
7078274306
6343272485
4582025933
8290524445
6029256672
2591002263
5265452455
5943571932
5709645967
3112235193
7395788368
3693848209
4729355993
2769471575
1013799267
9440704067
3428843366
7184248232
3860160003
3935005115
8825861905
652566391
4749820037
7067468
7850500108
9657185243
2775917753
4655768197
1909762868
5241684812
8902317857
6322895823
1577180125
8839927291
6261787257
9609682776
1774553572
590567177
2176228168
5893129955
1822508744
3237556479
3076580100
6917568220
1196549523
5403162395
9823339526
379048379
6886918768
501502718
2671757287
5391962387
3199071392
8346706618
695687138
3812172791
7085271915
4576843521
7071786073
6392403232
7220509725
9913242618
6845843982
7708637761
8791997154
268018352
483767122
5502001325
264233779
1157668207
2981949798
2858655470
5506496214
4712557103
4188576030
6270389034
1947623229
2585325277
8378064261
488459938
2619377936
9760753977
4480093382
1094185927
106736029
1261373978
6291687037
3902867854
2903388879
2627405542
5378546189
6604510307
2730069381
9681981894
7797356664
9304564036
8256972665
2406591976
8719367765
9815421015
4161448362
9438933349
8280389509
7851502946
4434783713
2690378908
1496776617
8158663791
3157348293
1788302963
315187538
8434335656
631605201
8815325520
4152950896
8984336563
9487049090
1897102758
2467472946
4300694723
258127860
5175734745
9018239004
3803414373
4722011144
6436464230
46091719
408922024
3976485577
1550665077
7628170676
4328437008
235339228
7924109072
5682625446
4165728748
1773459751
8036281664
700403635
7408395203
8354887308
7200480125
7222236533
8952806602
5513280201
5966902915
2369169686
6028126546
5434132704
8415988131
214607815
5487061987
7139244589
9254591564
8189520277
3424795177
1590608086
5010752984
7715287381
411835653
8979737324
8875381378
6445352217
7106420476
121789093
3648555940
1828544534
5805733170
4122568904
7303504595
971240732
3968145493
8603000164
9110718239
1230960303
960523683
4997182875
129567947
9835618914
5350176409
738677165
2705049777
2521919332
9830330929
392317869
6203962868
1977011453
2188266987
3639162017
2417361151
7430581401
5138600443
3244600835
3722044631
3422545078
6512625664
434012135
1184406090
3119564060
9404120679
3570419721
4896976110
2424575272
7015595773
3281306609
2348206340
6161954476
6322799505
5213306353
1720318412
3109922681
3427746857
3560121483
9043229373
4658658926
5574125447
2936599584
5828621327
1940460127
6554049749
2547186394
2412923061
362612019
4579699224
457280487
9737253586
7744648089
5783329574
514466008
8829001349
9445116197
643573794
4872122493
1020152245
8265519868
8961068229
4729908601
7692913052
7341750359
6131704304
2741813781
3549036173
8033828850
634771526
7422525958
7070954443
9907777147
4173714840
2275558616
9552139760
3446144142
7831801984
9329294165
116154321
3221409536
5517952878
2053262182
2061764357
7662817999
4835770448
2235317706
6802587071
9563041655
7315403112
9747572223
7134318224
6103764266
4125939163
214178800
3059472050
4657032068
6519403032
4424281643
3213457011
6306730366
9626447191
4459354346
2194961908
1002920318
3204426064
2457962802
5429926807
5404293616
6296110046
4775271614
6690806357
4837724531
3426998878
1453428410
5249145391
294898943
3736647393
3831837702
2051061562
1385861717
458208940
522374986
3360106815
1297682014
3909823416
9974567697
2981548254
795501683
6947838653
8384115245
3751930483
3834194331
1755073900
2760127877
881951082
6093818200
2068163955
6407955791
4462486362
964996851
1567964626
828304103
3714429619
1184542941
1187117895
849972785
2199028637
6551865047
4930247072
7911921186
8405585842
425344056
5571451016
5081245765
2936301324
8418821408
3268010161
158968402
613374943
8458544429
459539676
1605311859
8288607701
1114166897
5906048983
63065599
59956337
8480378590
2775065830
6240102791
9077063976
5980344686
1727632845
8659696871
2680035370
1239995838
342893372
4103819795
1603710564
9230354814
2211821439
7086354283
4209491624
3360281627
8608514782
3963215239
8303831107
2429979884
8819849474
4328621434
9254647064
9057486848
2354212630
8346300728
2572923896
8762100430
3575028457
9070277557
7146758179
9536255031
2948964863
5286192278
4462400407
1251743901
6806033405
6927752472
1781195813
1527616539
4386234895
8048380719
9356470712
2265781477
5700598407
7758329099
7635382324
5117320286
9289287900
6757456598
1454336541
1522886242
6464358575
1179394832
7780335932
8886544394
9387411650
9868533287
8775906017
2406248246
2421504812
5166090852
994299393
6282335224
4804961194
2587562995
9381371267
6196324221
5180249483
9605458386
1802753120
7025239504
720788851
7086840674
2560456034
103206536
319881303
2053676252
8692477371
3215531413
7353112810
6987635144
6903041396
9975089794
9989465669
5261353909
5579656459
4627788189
8442191524
9579861985
3636371723
9635148910
1545911733
7381891809
4021055028
5461529348
8211598798
6427703451
8451734384
943228059
1823722078
4013696658
8771643244
2135453587
1021599275
8111266653
8830031696
3435718294
4655863468
250794075
2811057227
4426858822
5637815062
4022893413
4506038913
1036742628
2060322736
8845496233
7093198664
8758076508
114640872
1945534526
8998041688
5548914064
9058345644
3597691314
3231357254
3539716309
1678338778
8585608664
823349604
1197862513
3628883922
8981657625
8605748539
1138044804
8887270164
700115607
9067899119
1519453824
1492518480
6492434071
4453755501
8393960755
5733303804
6946193820
7942036673
9571811099
7756840320
961194884
2360580060
4679307143
8195433892
4077904835
9601306165
8727626191
6899207786
1365528344
8804125761
3781045114
9257952368
9759906072
5361812078
8039359818
1829048239
5481028939
1336981443
5430924961
4952577616
6846050365
4272281482
2963855731
3020314142
7110358623
1488229170
1713060029
3642750165
812130435
2535537493
1581266261
477252808
9226519097
4155045783
4154201266
5856980710
5493228331
5467877698
4848480149
5369902281
33294173
9097144521
8230766519
5019988889
1133087203
8255564934
9532837601
4366697059
4751509799
5755863205
5638961282
6823316682
312976637
2234608722
5550794661
6991472213
5213992156
5547305313
7145352384
3641772648
4934624023
7429981664
5324673737
7742526888
3080829758
8609439575
8655593908
7168915215
1574812789
2633772193
5052579363
6444713416
5743442052
3614921517
2389801615
566206866
3459484521
4932665394
4579117825
396396915
1301156164
4413741603
8515029582
9464402800
4846073410
6201511618
1647341859
4670118597
5672359702
3158122379
2791467464
8271831880
6419695632
6708299537
8770595988
8986372140
4518291033
3778801386
3290574366
1627825738
5000499467
5004323952
3644198618
2539832724
6768836395
5640530526
3909282577
931850883
7431675261
5522318532
6217809623
1868558567
9142661242
5125256314
422472645
3395773797
1804728771
3977294977
1738780067
3435176910
6253821620
8094865842
9880312627
6523082502
1744475985
5129074554
2852171313
8466250239
690408280
4237551810
8482842216
1353854714
9145890938
4354705403
6071108129
7712379324
7322089470
6988221021
9560561382
8350359044
6746890746
8958257630
5622032035
6732183170
8365896442
348533488
4534503310
900011591
12376786
2665062834
1915093475
6842993949
7638436694
2924968547
6566280516
8939179822
134648838
8051886358
7605217589
9803617760
767893020
85931779
5682731196
3813297829
5408622748
9800044701
1228150178
6489173208
8263880283
6112889395
6448079447
8530915435
3123603666
5956054537
8470500384
4514011732
8202757630
7956426633
137392248
8291241869
1029901062
2978581698
8336272403
2391497392
2335138345
5597567575
2439988614
7761758374
5286625418
1417843619
9280046653
2106872399
8862995068
6577323965
6064783008
3734371873
4326675037
8930850557
3490602796
8395770054
86139927
4073442978
463764528
2665524843
5438014086
9401028061
3854039694
4552147870
9540389023
7728200840
6729504621
1660391641
3413755249
7775260637
7423601265
6305421328
6221784126
9362047333
7263062596
8832326005
4682785959
4382953697
998231855
5663579396
6887602237
9680720810
8654349947
548158201
540467059
3616463845
4256998566
2461912520
4376545933
5214514887
1268229467
9844477003
9138720769
4516803873
7191330235
9317119662
6423949181
9858506172
2778197379
6263419213
716264287
7336581552
3174689171
6572177419
9361778630
4440463632
7361133949
2911252667
6646493289
8355307641
2274946636
7285699560
9026203178
8905746839
9388470845
2011491291
1777348401
7708120286
7566276004
4212344304
7229239627
6718081467
4529144784
7200119422
6767738543
2820958962
9504391208
4811970880
4431094110
7613301490
7604178617
1943193874
7722791558
1847244270
3443250773
7755914282
606916133
5411535980
2000659899
3754297504
9478132035
1166569890
3370161684
8433946759
2028681753
6664102902
6978582556
2254976398
8267859351
4684312262
862662192
8676009114
7699945688
8822004805
8376351975
356274496
3678815185
5860970710
1020177502
7725611702
9070864534
7467498418
4233451803
3103784661
3406641380
8348773039
2217180021
7955190441
2802143753
1104116006
495346447
2881338318
9050300544
5248031343
9449219879
9061632904
4154649351
4261344287
477980358
6064588439
6538486886
68100488
9940767085
7956864555
3722016609
9018054658
468484031
4146659829
1370516293
9997588287
1470978376
8878100083
6296447843
6294244862
5059712436
5474604856
8425313678
4034563548
6237201479
7918300351
8790301854
4747771905
9580978680
9655855467
2799684237
945855131
4338790455
2565671505
2030257252
929693952
4532455565
7849605064
1651812867
2846342094
9096849599
7452065037
5656696451
8091174671
1520662020
2468998885
5396370647
8048037846
8701326858
3355470377
4750072567
7429431657
7150508334
9140096365
8826361928
1170057158
8491478689
3648686839
1735757873
3234262912
6805926715
6345963214
5380195642
8040791269
8650986654
7831805950
3588202286
3126142233
766268428
916063672
3601183519
8920792521
6139412584
837949296
7409972576
1279291149
8302559426
2626907131
5297098311
5554985314
7634506035
6555558648
1653397566
6566972501
2082973314
3487468574
3313791605
6975363483
4625163983
4621288625
5736744117
4879040899
180404344
762885785
9963841598
4002267190
8084101557
5037133269
2153396373
1686414842
2038610570
1630953854
9711500080
1584167320
3905541064
3136581911
2495631655
8348943885
2931488681
1272555446
8694469285
4241211056
6912950926
8370969863
2440472619
7377799328
1086841143
8892874820
6040677250
8661618789
261362265
5721504541
610468660
4553708835
8604560923
314219917
8700073632
3799871123
706476466
7832654675
9422884687
791348009
9542024159
129421336
8494521841
4839260044
9157366299
9282628235
7088673982
7153857241
9323519215
9886148136
1266971195
4674893637
5082536283
5152454855
6834727314
1364287965
9651911599
9139706241
6670003263
650996260
5253099494
923712265
5011492881
9146193856
3608357572
7675834117
5505238190
9957848006
475499343
3534285252
3708736861
1917363548
6075868668
1365961765
4631729872
1532073183
914685524
2281899915
4776755719
9612409504
9045354548
9923096118
7337108439
2119519518
5077152763
963383741
9851829333
7114033860
5155158896
7291680622
4480189641
7786110012
7515566226
5369479681
8293530393
3326028592
5768335780
51550868
50808526
8611271114
3493727639
7843123355
2197318839
3279439842
8790599017
6666976766
4732546324
9072668019
1766207548
6254729000
7214803887
20583826
7074418159
9071054
1773459277
8178941056
6585495956
5994027395
9715929994
9779112749
792119247
3624483743
4603120766
6223764186
6889791987
1799419870
9567165122
1516880027
1475675227
8135613198
213564038
7782432544
6074284925
9569034832
9151349989
8514669385
7601076029
3882937210
3331781379
6992617309
6080072288
8197564384
8044463473
6132949758
5075882143
4173726217
1161409258
8860484401
9807636746
7593780042
4403666653
3638860408
7381797891
2965487754
6628490753
8508682275
2496876971
7254613240
9634316092
6487004587
7258635936
4189089410
7429418686
8539858639
7081652681
2609153386
4960526626
1389619161
6493669523
9998580090
7132139998
5785890864
8412517660
5298206486
7944555355
1050622518
6253752522
8642438731
1131598872
4075072294
8672060805
2259663333
204577850
7217416197
7607614828
478902568
9645078090
8361692561
6258856828
1189840828
5571795509
7399629448
1485550619
8090980562
8805284576
1281464003
2252565617
7608766926
6767994574
8793648173
917071563
3197482389
5216045116
8416621254
146969487
2810860653
8574502145
6904649798
4194397127
5855551614
329764594
1630076404
6152685822
1576201101
6676319480
8420233551
4826948236
2588578465
9243122754
493018221
4063066224
2145637794
8487555740
9904862915
265739261
1284218564
5439196807
2502262215
6642009110
9017273135
4553519923
4238121243
4407830167
7869649649
8998024959
3812265865
3810426316
2018778848
4802047033
5029608673
8865294734
9081138849
7573717339
1166727915
7020530784
2640469080
4202700361
8726356429
6892971512
6548797741
7915528441
862360082
8596356984
1990142962
6005773330
2516465292
5796282467
3958022954
1244013874
4613578524
8084142731
7399661245
4903057190
8050625822
4968900031
5205183171
9596375786
3541613101
1770903654
9649095085
206722475
9874343825
3852952045
6708643258
960713236
9859265340
8444110028
8403310283
3717778260
5644780559
7394235868
3125000351
9995706562
6965946164
8844139412
67146552
8932082389
3430880027
1444593256
2059160139
2515648217
5997823819
8979517252
406639379
491810837
412595730
5221128885
6831133361
4476469705
4115531209
6250898396
2727731325
2726309744
7054475111
9223040986
8276791827
854825474
1097091939
3081213159
7034960165
6926443790
8487339791
3158893765
3936360728
4095542020
3712498452
5381695792
5926123951
9730577500
5649366247
8238403735
721873219
9646001596
8580748653
7927617400
5838288424
9725803214
8678228788
5317172182
1544318004
2717237599
4193474769
1459237509
459459569
1930676976
1319107955
8232207946
2693000103
4642552731
7086285724
8193674047
1313398804
4243217710
8796213635
297572097
5216049310
7106699340
88208052
1118058599
644236102
4389078054
168288852
901293477
119066604
3523578940
8601962141
2134627493
7419295339
3886553567
4417998333
588154613
8814854290
9939927960
9798690518
8797298802
1165371226
7716168984
1025411059
1506291905
5071522419
3405769459
1413514315
7863296344
2477886626
49145471
9144836551
6288122376
2300744451
8358610210
5045103904
2525662746
3209243849
5455027460
7719988144
2658649818
3790962620
515385484
9345711465
6818642148
780144085
165659738
5321916361
6624487155
1967282953
5952498389
7511097393
6829531622
9768129375
9124390434
7402532657
194758090
2301535637
9402834829
9403612843
704652584
6604781541
3084438711
9552283933
1881021748
3428839096
8298703094
1904619247
9252545187
4086816954
4217419096
8773436705
898406587
7541433997
4975515574
2822025059
2016555653
4054888806
9626279051
8293426880
8788396244
6989198675
9076535021
4979074896
9115899321
2506520766
5925133888
1670634040
4409134334
6872961638
2501117088
3108937028
4746312670
7663467770
6989232088
1388164488
8291936560
7663331064
2275926304
1158935500
9315958910
1164420894
8249398793
9818672913
98055794
508734863
8545709359
2158608677
693770967
6298552612
8925286594
4460812549
7575151340
8374781981
1717525279
7976240827
5189239112
2661229944
7289313754
9248892674
4595217051
2406994303
2895782243
4890184898
2924053051
9269273885
7665676920
5632752303
4804382590
1994854646
3715547384
4655919748
9932906668
38139663
3524520547
9821086458
4933083086
4435057068
7888072853
7945504168
5122305112
547866543
8331472720
8017351478
9958536449
4379690182
3371440858
4341493106
2765278510
5238226825
5872266599
7287606011
2377898882
1318584909
7376829676
8600310573
870567914
1184597749
3283204817
2184215766
9289444390
8134300576
6321028159
7178870049
1000423678
5401423068
6007280998
8299038667
3744956003
1842281261
6189462542
1926496370
1158050638
5112698486
2165672211
7138672525
1964243386
1460483462
9045981857
1072173189
7726682289
3699436121
7086121196
8616796387
2614931623
2069024673
5176339376
5857894480
6288759196
1204660938
1776637944
3466601221
5800037293
112192238
2536097797
7227228450
9423881980
906441968
38436516
8680946112
412468022
6799315578
5741398731
6136625976
7449641781
7640710207
2217147407
2076872332
2986462763
7476663768
4747024308
5618235665
1151606874
8875636457
7639666609
427535355
28749042
6119528935
8655397083
4953293418
1529771464
1425265002
1391815584
4472587154
722134148
5927466493
7133509666
5537354271
6693216008
5372588975
114585969
5605207740
587577777
7387107432
6691310756
2291079010
1802035030
5152769279
2306952625
2932793086
8840980282
4858942725
9291575025
6959701715
8659979561
6653163061
4406227711
5700227682
4709044201
5903817966
5349225058
6136804201
968544894
6955369553
9960555675
191976785
3161023988
6666235385
3521398546
9963467065
9829632137
1382604215
9898787637
3691466361
3836915932
6173186583
2397288848
3258415747
5460934815
9324585749
3057047984
5699840529
5466754102
4830220841
835234935
802987819
169976069
6281540774
8149493533
3181955070
9421131291
7420407527
1182025344
1409068764
574394808
6659772351
4994836832
8862673976
1598146280
5881195389
6122737637
4099759372
5735398845
6907608036
3197725411
4331655857
3076139855
6029464483
8560096318
4321466233
1517213067
9069587300
3119432386
9513714983
7169510098
26338770
8744715168
8962155504
1434521825
9077754841
7297495368
1737457175
9883637669
3366869191
8517599064
2265550449
7996614859
7470924993
1041034635
4655923526
2167247038
548013896
8055928197
1033570206
4073406465
9747582431
3206766834
3183095958
9530966568
3554660309
311927944
4833178872
3669383827
7526864841
6309849163
2645679074
5972610674
5668619132
6767391506
8629285652
748753941
5667936349
908599908
9055418030
5497924053
901449022
3192039862
759157604
665080103
1924261867
3090941888
6540385678
9573656910
4078362926
2254785718
9174028663
4082806668
3822192774
4128843581
1566742035
4469070940
1527883039
5151181302
8252715743
7782068715
6923155444
1766346843
6038763891
8938153117
4441263851
8947583472
851384516
8013413982
6992680934
6183368305
7188596730
8136345423
2382342084
2937220398
4667363400
5169930246
825550594
6279433312
5980806355
5299357904
2092156936
2935324378
6906655612
1599440707
7974733056
2873594794
9508168588
6866219757
1802637217
5724379480
1940534662
4355932389
7168046532
7306970949
5909405166
4263813812
7304668257
3218741195
1578621106
3442735040
9948283604
2486574276
904450040
3242116288
678052186
1107126105
1741760676
9457354207
9729706769
9830336931
9202134025
4939311465
2395240945
4566554509
4238564718
4992219169
1883040610
7195636755
2923001045
9463583045
6113974573
9883986622
7375973857
6602318184
346124110
7179701676
268224394
7812335034
4623803765
1546233110
606196215
8670092691
3497905886
884108770
3384367873
8654727890
6997790043
2315321511
592499076
4614812793
3450213186
2162651573
6562078075
5947844110
4099411572
2163361287
5095222828
5377385168
4958060026
6716173232
9406158981
341041643
6272835161
6140214926
3720125937
1008038540
7476345113
3046020265
1521248811
2132655779
3164083926
7792934750
1161137018
7685405326
6163583130
8931774174
4718546110
7549469931
9369029231
6283995096
7047873835
8979607220
7964056065
8731793644
4354000142
3639493585
6919991497
5682552667
4505738872
3516899632
5814578772
6789160947
4950038699
667733963
9163777158
7759938440
7574190973
5371058874
9372972632
8680671945
4012724245
953571700
2176809215
1804495144
9031964791
7022759711
9716063929
6677818008
3960490965
4811178105
9142444999
5888172864
7509525603
8739651132
3511163387
9976756993
1519361047
5035376721
4883264527
7435891965
8933366849
9239770206
7176107799
111629613
1048813614
42962599
2693067724
1862149121
4596576832
3705124028
2301292987
1161473521
5435567285
5472329704
6401923088
5531005454
9618209925
4575851381
3952547836
1138980381
8099787561
4283897466
5184220611
9306691386
8913129104
8264083819
3313723008
5076241646
9737535728
3425805437
3372651894
5429114482
9463537151
3813192782
4459474278
5389105313
6010186202
1293457078
9595012587
4488490338
8796042376
2972678839
2583561829
605781292
1828185242
1984668977
5222844874
2127401659
7173954247
7857203975
2188159373
5863282743
3835256423
6625621856
7492085102
1687214836
2244855453
9774586207
8879191246
7664242363
2786547222
1975202286
1539700141
8126218945
4117148142
7808280028
9119176848
826235181
8782285496
5091940169
8590747464
979627719
2122070341
568128220
7220881408
3024481115
848699282
2364307883
6526844859
9848933685
6512779682
8566107263
518606963
4424024356
4171114498
4308477433
825028655
6382796421
5371631920
4878011273
6216075308
4133897679
3780582313
2518290636
344885391
2762540426
6221492054
540801214
6239964396
4505418132
4249713663
5972174518
4270307291
9905588370
6792517673
6725504509
2699883947
6070521717
3553547525
9952015554
8041208317
6236124689
3859412102
1487317728
1850991606
9162571849
1710300163
1038335776
4536328653
9023927600
3191456469
4901637374
4695780696
3711395084
3561394452
4803308577
6617853309
2295871391
9129073390
7695325848
3561411190
7288176065
5533472178
5807560976
1722370288
866775848
1263417483
9724968847
5605170965
3826939480
4254452406
2711936018
1641368809
5154063339
4437816742
3467289689
3130948345
3735495985
6680907430
3208048367
6539827820
9532106088
7739558298
3070935058
7643843998
8660145797
8892345971
7092953912
1366013542
485633835
192778962
20730320
8602844089
7353072611
7056749081
3689848403
5612892849
9298062003
5575539562
4806283286
1588009157
4255708726
767382484
5513750609
8394681872
1172755761
4667974474
2709322509
8838887710
7075489565
2790022173
5854347314
9586415564
2892561288
2685941121
4950877984
5528337925
3497968518
1248669038
9182719742
8322326863
2854322
5644160790
2256978825
826845818
7099935972
6809190871
698016444
9135600969
9123022149
9989135080
7238872765
4338981232
9114580582
5810514241
5263822874
8100727709
3797794850
137963765
7524111797
9912200900
7072789894
5984406560
3197520100
5278621076
5074020118
4890056649
5349820608
2584699592
4673360512
5178555569
179786094
8968875824
2327126740
2690848583
1812996407
155141932
6184447196
7523468903
7883580178
8919244459
6118752889
3317033571
4728381032
3210059605
6780953625
2888218522
1592729724
3318762476
1807608737
1766578486
3079583414
8792665411
5603557447
813631648
7742444867
8026044977
9120308322
6151721710
9376014782
6045042858
9015522799
2109984813
9158369806
9542652011
4865569687
5343522137
4869345104
9383838967
743068108
762320898
4858607772
5447932433
3047973703
7403502262
4704769309
3410228393
1771119111
9932913166
6096581415
3762019305
5799125053
4093539963
625021118
1922492594
2392123880
7475033534
2251395072
4011329654
5414740649
7027194752
7021128737
5308840587
7836783279
9361908911
369791850
5268177416
7722418630
4754763137
8206794882
5034628131
1110761414
2537001376
1260223431
2906326708
7760185394
7997677454
3149064331
8829299222
341309527
8726330972
583999834
7946756274
4108109979
4237360899
4532464110
712707396
625494993
8130983191
8023113903
1769235200
2378260829
1187505368
1756376104
2113880432
3292772579
3933880248
4994566945
5647601303
198013275
5372283725
6038271986
8282353914
8517220750
2136148908
1195935211
9603931197
937526479
772307097
9217938637
2924130457
3604845441
8619423027
1628455355
9906613256
183336409
2074557593
6198643611
7766565586
4233340538
3831209093
774084758
732121423
9418497554
1118086026
8311954812
6339836312
5101953050
951433506
194766887
7170182300
874591958
924962192
8742146210
1584626613
9992623448
3930161869
5780043811
9570710121
528119570
4746760692
4351307334
882777099
5616886662
6982723098
8525773401
1626435876
9815476728
906997863
8795795058
3429295251
5223004027
2356476474
3938924476
5691851092
5453486281
1518040524
2231237636
5129162392
9938346715
9251503274
7547902224
1446179863
6273040865
6878809702
5863553881
4771819159
3689418598
5967750897
1597642541
3393640515
149494315
9258873465
8210190211
7459881707
2529584765
4841707958
2725259016
6523741785
251657691
4142000163
406846263
1770631207
9140786312
7634464870
1888373947
4143164721
2472558751
6718955143
309869438
2916136339
5417481441
8386653308
5262450429
2501104105
8050467407
4713838117
3307652739
9185977691
4037376574
6884383943
5455839364
9314063848
1185475955
5363036476
4005016959
1320628568
2116318096
8593611446
6105910630
6735117454
3262066351
9837492877
4027384997
3525438383
5338793387
3350412832
8541803586
904328796
4261654798
6161995521
7558172009
6793788827
5615184392
9229330561
9966490141
8865534155
9895307479
689903043
2994731280
5953887148
6041089214
7758567598
1495494169
4374521362
5766493384
1797240349
4545311127
9669755548
2561463917
8095914213
257747088
9369002161
42636708
1037888454
148791561
8169782178
2334737424
7639168286
1518275800
3980080842
8402833069
9708165445
8457274796
5652883443
2581023383
156729489
6384555552
9174194359
8735100952
709530034
6611957927
3276173380
1249804504
4729472484
9805506594
729517459
5746840413
405096656
8986266022
8074310065
9353777563
9136812976
8515684140
7861994379
4038210036
3234056875
9441414967
3478187589
746699237
9873546240
2120119036
4930811122
9477346714
3684371151
8908641621
6122220435
3909615697
574096339
5539166264
6248152160
1018699197
326310592
6405684516
8215635701
6711176561
2462656548
4581861469
564154708
4123099346
1765647217
2981629501
9433785486
9584264315
8895858840
8785880923
2265794440
5906652859
9527364474
2300692952
992392498
9788612014
3576581784
115192345
4383331606
2939822279
1397395681
9214820691
9995862886
7789763560
1022181496
8353549759
644951810
1507828328
9286645862
8845658563
2114515146
9910719178
3138741670
7147976955
5178830035
7299446372
8293012959
1014940877
3881601532
9764186910
6083470863
8690641127
7501143139
6770706691
3820364567
6259622095
5420530058
6251808735
5533681781
6670848999
7354145425
6496994703
6792934104
8408141893
5165587135
5330029195
2751197179
7423964001
3903350609
9595840855
6709368292
4084250424
3512941351
9551505042
2076723830
4113345942
2482011026
9418244458
4783733570
5431376684
7528968349
6030324574
3233802385
659147337
7549978177
2160223202
5561597524
3053189109
1546285881
6740620886
1895650318
3115565925
1606958649
9933185020
8723194843
9277400811
7184119651
2652658366
1211809059
7231145952
9734509091
9508945739
3448251467
8963026078
4929518065
9081188690
9867012842
3552466752
7801821919
323861220
5693691308
3727099473
1244388182
4836683757
6725525064
9356068192
6224333152
419812842
4496803061
1190495136
1019346903
9397490203
5045775830
5052127032
7346937928
8054979611
6600356110
3714717677
8788431610
1449947855
5773744463
7949060743
3155941757
9431311813
9793309471
8122620677
6566008778
4372889528
9022715586
3937901664
2607189990
2051589335
9700938787
6882934051
869454954
2808177724
5353939071
7077587818
9659730344
3951847983
2704534245
5082943709
5400515443
1348569893
9479308524
7436473560
5244921862
349441477
5481071594
8009797484
3640913641
588913945
2908654886
6250390397
1814869951
4264161984
2336333704
6412306257
3478062633
5547228100
9211055239
5982793679
7822136424
4438400282
8849198961
97835212
7341126555
4817629629
3956067271
7192306620
4418791434
6001062168
1708093269
1953521348
6884819312
8896080419
1980074257
7570351335
8010295173
5421039718
8717139188
4216185002
8061678216
2465600441
7304914935
5015929852
2806108691
3521959858
2502375721
2204471906
735365003
4148580010
919728110
8712922876
1911275743
9363907093
6008307379
6450670290
6007129354
542338515
9211713155
4030038578
7295183736
9349446225
3149196504
7516320510
3832245403
959620774
9457808715
5264247813
6885677279
9418675986
634059825
510066569
6457878814
5290709643
4383214776
4348059843
4606278265
3368668166
7130064975
6911911215
8303777017
9148810704
9180508416
2919743279
8768250961
9589154024
8022120281
6134542238
4808300408
6977587750
8543798331
5103922148
7522431153
3797878198
1722860845
7518849614
9446653569
9356361001
9242903400
7675963075
4152755987
1003467255
327804899
8508486462
2264939377
7471057077
4196392925
2721074880
1916252544
6014617605
9545787166
9122783896
4187012494
2852792225
9489093924
8530181077
3961932100
7496998714
9474391308
326393658
7297955016
65232212
4749641047
7349967972
6768093634
7668104428
8505213371
2321048900
9076891171
2380911366
3779763303
70712158
6649489630
6873678705
8628252159
7070813710
710967688
4876726071
1957728499
22178242
2960945713
8682131579
3042385090
4050111635
7144559467
6231241555
343520124
1535866038
3821603736
6224854736
258619168
1437065454
9816438701
9923541432
1632388882
8257963728
7855358468
5622589258
5661907040
5834654368
2654938743
3710882295
1210019098
1829931266
7280034798
3578467055
744995261
1206834801
2842845067
550494889
3167113739
2766654015
1546908855
9336501982
8294879539
6954918626
8533531581
8943764569
6332570068
910804631
7135071734
4382938479
3323005563
492743604
6563332683
7034729696
870875305
1179726320
9933172726
8810905126
9810937953
7562492561
3941352148
5446047666
7248936068
2158109030
5037563634
4741535589
7672664720
7851863011
3415024693
1685692730
6790756597
3132654154
4680369537
418150714
8612871178
5105625276
1723671008
5120744132
243519220
3351090266
6883485284
9335361259
1779043459
3838984318
5923443842
375987337
1040748197
7609572710
1361537423
6909896885
4564762480
1302292258
4967369111
5946806189
3436822923
4562200752
2056784214
3393463961
4097997683
2830001635
2051827425
2875162231
3698807784
6090654382
5542511576
6624302552
7779646386
980478424
1047162425
7865482506
924650127
6606457709
2775629477
2224240357
7782522714
5229610842
5271485796
5296109726
9806436919
7351808070
1503367780
118610390
304417376
6705136647
5765889435
5371911435
3606704725
4681921282
1544489507
652296645
4384417302
8131092459
7540839857
2800771190
273314370
8796217891
7243982188
9796878091
8833040494
2130006168
2711869141
230210641
2055760416
5002887274
83294375
5249865061
9184961222
8307144939
6318150247
2319740869
5715252252
8661290680
881073888
63875424
3040511753
7725063637
4832922611
6499654616
7630118434
8983972831
5267194233
9414429333
3384733950
2818930164
9989164874
662131010
1503409302
7610452304
7834479780
9636548679
199836828
7863344141
6492703457
3420964696
4833333534
1657916234
3341708975
3744442792
9711107419
5621123399
2086733828
7914479478
4405544320
886805669
4037715690
2013430028
5076886579
9762557046
7889728454
338774379
1745572988
6403483269
5797505337
9084638243
2982961340
259480097
8479481797
9244425448
9671310965
2473333484
327001184
773823014
7527535799
5330214815
5854423877
7618102492
4778353488
39138587
6810836920
2923764918
6539705403
4168341578
4656394952
3249607416
424781466
9437970792
8852583868
4159790128
4437258952
7747216867
6382060102
5256489930
1313580751
2584852707
232719197
4807871757
7657716452
4157139524
1205435252
9773601569
139170490
7131738727
8525446253
7702743495
9965207817
7089938758
5361830075
1129887119
8666401479
4024334418
3435127674
9640069734
4133495081
3668427985
18814460
2667949093
8430689065
3108572947
5989155322
6353317531
9900611197
5123318577
8607835999
8546266263
6077121775
1399410515
2781226849
416196888
9277557641
1548488067
4140118255
6552643416
3174116452
6489102074
8015480929
2334678127
463600414
7356702434
3609447093
2904196547
352134051
5335716370
3492410877
2635732891
200573736
5023268348
3698355387
913388235
3279887312
7526025076
5622459441
8439590102
6374088155
5077241712
9341650731
1485021716
2875852840
6393707370
5317957616
3037552363
7829803194
5284340544
8168358155
9703756270
6846062601
4530775019
4381358257
5345268609
1086681417
5844302783
3202097497
8617704118
6881355736
7881444012
153440800
6801769895
6388863017
1747017218
5984311058
6797319999
2512178830
4542228915
8018610411
7344270945
305184151
6003852651
9493996662
514832791
144193040
6787224811
8459081027
6678365661
2394565620
4151510684
8072055135
2818705776
605774729
4988328925
4724848265
2606177054
2150697749
9991257488
827893261
312726543
5169700076
689366072
3336811030
7038817424
2645414398
2393336815
1682177316
2760094836
117774824
4248206629
6172383403
7694903733
5309328173
8250602430
7706257801
3488221773
8869391969
3337908111
1713665568
1865957026
5136441845
8378523588
6042043003
2878848403
2007481202
7741313228
2175963228
1295158414
6230212616
3281908351
6520423141
3940838208
1088730187
4953937674
505527962
2990903252
6144667764
6142212601
3435077449
292563376
1783800044
6797835611
2815024220
1478063417
3791039192
4040573539
1827109566
5023103859
6416159025
9518994327
8884150504
5077124032
8601012641
2488808493
7615802627
8247247771
4216038125
890152358
2120350739
9169446856
5703123754
2715528351
7953862733
8118623225
3556011286
9454564744
3147544709
2991188052
6643036705
5982312334
74746847
2815411303
1319096920
3449590248
5330898274
4846144021
6531917577
7428850886
5478483156
4621287608
9289525478
7386691079
3184602713
3761515181
1519285903
3915997891
8808591431
5055814183
8561426903
2645071650
2575139972
2746767388
6195375731
9719475946
227839928
1456117294
1979254802
6593180523
6711733189
9374669042
6447269756
1757869434
3003398051
6424666385
47242164
1739881641
2650566773
8971704210
479683856
1244154771
7502512664
8221466656
7047493902
1100468731
924262032
7018338034
6363880474
4929705213
5075762392
6516486326
2352084532
7229800237
2830743000
5867485084
994693507
4217837195
6441233440
6234533727
6082726375
1234468439
3664950106
2811792879
4890465101
8268803672
8163053623
3738657431
3399414723
3108062765
3966281930
7201422063
282998063
4265296218
6533246348
6113384616
6620222375
1219757213
6673531897
8867099451
5583379947
597872724
5024209911
7482931989
7112079127
9099185421
8362160561
7125134719
3920385637
615492928
511771392
1377278863
9060484324
5813503733
2559411387
481418281
5486708875
403202555
5255856740
8037520457
537026838
7046723861
8261422017
7970462380
2480183382
5377621799
3017230113
5792719460
4319676498
1348764602
3575534452
1361242478
9816041733
8900318937
6211101363
5897329040
7155517779
4510397296
7884959677
3758210818
3344064838
7889593216
4221942419
6496786305
330225290
2234203079
1631438271
806935416
8597561468
7929532404
1213637892
7235932317
6085197221
9381755516
3767205902
5991920650
9951409372
3311188534
4087711864
6543392873
9414530016
6348073075
5926655543
9526775469
8290378163
9489265020
63411505
9931296627
5815715768
6766552130
6699297365
3387242432
1237209910
9122407423
4454640555
9887525283
562579898
7189810321
7615093717
2207828741
7418836379
9088641678
7890265949
6795764974
4164673803
2818538598
601120036
1592436768
2271844060
5398356958
9884491790
5932461589
5699826924
5743150691
9415289533
5248506770
1833675284
5629542318
4278257851
5537823126
2334897757
912304918
9925325679
1483036241
6105956926
6519347096
9843708287
9296264043
8529142061
4629403000
7708159877
6081130519
7985965862
7323156793
6221380604
6736857086
6480260559
9947082719
1123667889
2476483578
8038785164
4178273677
2942556858
2778750444
2884574207
4984779027
2804342144
2942763272
5436211937
4460028506
438490268
3081843170
2314481683
5208034481
4269490306
1219579544
2885986514
6725717659
3600884354
6324255460
675485622
3659689117
3977757052
4989474062
4294329923
4541293586
867771861
6331809404
3808319271
2272512867
5759346260
4733707256
6224461849
7887739537
5736223365
7724140392
3024832253
610994953
1742788068
8006618375
6605401010
4932772571
183238538
2832773144
6523932660
2005574735
794051650
6526045557
7737736014
4968917794
5526583905
5614108345
7108474088
4173108672
1816858070
7439622649
558175325
9923334436
9395319958
8278368893
5705888816
6696159002
850225234
2640855616
6594263012
3727510924
8614064180
5588273128
1330707897
7065831100
8077968658
3286777393
9171206323
8465716084
768337699
8852071039
7908148213
4244939462
4830718131
5911338792
7397718750
9483278414
1978922551
5046399125
1514269990
8477666417
3931345001
4869677419
1685511332
3211158755
4892172896
2672895335
7458710319
1451728482
9797542626
4130086155
3574018718
6092493476
472424365
2591641066
4553257720
2674143737
5788519303
3571952034
9147363726
9793607944
3181760975
6733041048
8587979660
5569602070
3533345888
6682051182
3208432970
1498065053
4349052106
5436896328
3565171065
3365221782
9892645901
6234396054
1349879570
4889252680
1960998326
6780206520
7151074065
3776683663
1530548417
1478151810
4670215355
7205250013
7622221898
9483542525
2478753586
9158827418
7569667694
1301860230
8022535087
9519687181
2344595735
8665343251
1792758288
4774684470
5735697294
2903377047
9364954218
8554779247
3658949801
7458044223
7650482845
7177991932
8608793939
6735735689
7183243188
6327948592
3940190767
1959106598
2847243027
4678677113
5498966442
3673415761
142102776
3411334314
3000314671
5285641773
9789160274
9839517771
5251943940
4216405664
9232667275
580470005
4394726681
7785149078
5346840208
70184436
1260204486
1683804840
3846828540
6130267615
5281861098
671182038
8209144419
8690303627
4712959610
2145636921
4718411773
8463697242
5365005600
1348177771
3807079846
834926245
4399929099
5108416559
4936726869
49924794
5566305243
9283370183
1961934744
3110191120
4873047975
4484007478
8349374243
8218519405
6198667253
4174823107
2034582000
4942087259
6719789640
2834153267
3253141020
6195584142
5160142689
9883263755
3830200
4609825683
8471602227
7648267046
349641879
6409511644
1564861918
441144410
2492003492
7929359291
392091578
4908182024
7436916494
9923245324
9591108591
2594471914
4936053818
4960501598
489795736
2701184140
9823233974
1511684308
356066034
6477227685
3527689195
1352063342
6006960644
2523152788
8195612089
6301479855
9448028752
9111003716
9191621474
5620742978
5084691742
1157004020
900884511
302790754
4985835765
7015159140
9906567613
9244066812
8791487710
5325020862
9739103492
4619169186
8934700715
6786567434
2396195193
6899341843
2731138615
3779037893
4046655628
4040823273
665206628
3656363790
9821465115
430124117
9930081346
4010782988
2361455096
6014105500
3233299491
7161383140
9499442091
8546673887
6205421322
7915321908
8593367511
5063429685
4525064909
7171259767
5673850977
9045030144
1026659139
413713362
9389413315
8759697561
7515297519
8336099881
6878778487
6437506456
8734491928
5539674027
3737707710
5651813393
3120677528
8737992054
1354223548
4588640563
5565639956
1613460071
439528835
2067984037
7256300837
1722766746
7953522082
3055831524
1465585278
5042893507
3853352401
7652705751
1760403252
9927460763
6770567240
627651380
1988072708
4509685082
5290775032
2113726119
1528245280
7021418466
9008690496
4427589436
2542264732
8445382388
1774622533
2091974300
3915099656
6145107350
6163170211
3368546250
2591278815
4644119596
7268399416
6719677628
5320579461
7662707370
8538547058
1038025937
4686710357
8423096237
7441363013
2786544854
8922629302
5329972364
8864554047
8833753755
2904391921
3787562900
3111995067
5098939544
7088826133
8661900821
4295669747
8446350521
4490060517
6054118181
382633774
1514385443
6083066326
2825447216
8420717578
7144221471
4572256644
1118239403
1513584702
6585670344
3739206090
6246906217
603125195
4391524177
6346601976
4358100898
5880059970
1764576837
8826014363
4637125096
2967416301
9047737515
2642921514
5009992144
8877823997
4171275375
3855224734
6170547797
5544878693
9851059255
9564670528
3257544962
7966230603
3640299399
7765734209
1378662105
3547995322
2828621392
8065098761
3001979983
7595706748
7759993112
9717895602
1805373013
9851307742
6130169660
5170195230
8314267485
9461309009
1598219082
2032822107
8411677570
2640811164
503024049
8892084062
1587000469
1094122179
3805526749
8919898359
8098886789
2715157036
3839691927
2896826134
73984289
7617248406
9200874467
1666618467
9305370541
316817899
590550603
2940553313
153104776
2048629155
8312578682
1287768813
7118898308
7847997759
5043363963
5298596915
2302131442
1608036531
9839314007
8205997256
5175439321
3000412685
4235833460
4843908225
960120508
4836361389
7399939111
9140741548
7652049752
9282397410
6435955630
9543796793
3387070243
4973523072
7213354164
4877826782
5789227169
5107984061
9562800901
8681213885
3924245384
2750244285
805793444
3342753791
6105874091
5948716406
5770043651
894686191
9810700747
1215089740
7431857626
4682488753
8019824360
9697629990
9576161746
638598193
1661067212
327903780
7002022301
5772722916
1793009977
2086615939
7613332950
5947945203
6598083465
7800009038
447489837
5704146879
3572836847
8483732136
546753963
1549939304
2596046711
2163945389
6814509807
5450252620
9072279532
8513245870
1407911459
605993788
4370388010
5615053181
8483221819
7132125992
6201784580
9053145351
4754380772
9620587264
2044820094
6725744624
2196649613
7414401748
7533581443
2811080383
4983979948
7620739261
8322156166
7539600287
885764937
117631476
3535429733
2348254804
1416883402
5257854098
9179870568
7616227544
2202021319
6713899737
2467503660
3765438190
4725149313
7530104571
9799163912
2414730180
7668703661
9753237594
1069188631
5133800812
8414581984
4285373752
9897325322
8830004224
1174664893
702705528
2574888049
7135330087
5048924265
3793238743
9389158687
1012250939
3838936990
4362027300
1154714688
5514107558
2468602079
573021854
1810055964
4702105549
1369726232
509634433
613595473
4192885928
9996435723
4592536507
8994531085
416037295
6905891181
6010347956
8432088036
2090312119
8152435683
745883433
2406397604
6011634191
8516518276
1132782421
8167457493
8327582815
1620144427
2525099358
5552471632
8056282404
8447744729
1582703379
2762705723
1943142178
1503067363
1175365612
8922163565
4834011613
7297302005
2358697236
4095420538
5757010682
9843771355
8106556022
7113000568
2358764134
4578541497
5001419487
7539901610
4544657093
8139479858
4145481346
7529473347
3962126232
1091616828
8989784004
7505779715
8022440531
9629429270
9372585331
3464631686
8225847869
2503553936
5551341444
453452912
4282025188
5643269223
9977141781
6115454927
756032183
3911045503
3882057066
7905965042
8036651325
5777175136
2160512920
5873586992
9600177319
9501446074
4495877008
6053482097
3177313488
3754143019
5796260287
4944458222
5811275259
2227702602
9254585723
2943973080
9948157942
5735200329
3495001509
3433168729
1726110033
2422230099
3128803267
2532515044
2887592634
2893613031
2359525680
2477155109
1014640812
8694435566
3246371770
268562737
2428592357
3986539280
6087806795
6384273383
6451332560
6248764400
447112337
4223793799
3011551733
4947961725
8603380533
8868807516
2980090152
2084888112
5662423992
2597786485
4137841591
9463906955
1280537764
811700702
9550402784
8189247375
1139995497
8778429074
7012605452
4712155598
2679549140
1346784420
6432767133
4776296460
3276629143
5044244284
5565438745
1299308739
3979129423
8747219494
7225281543
4030960523
3065606045
9101686709
8240263525
6115556433
8675497493
6473841325
7996597384
2367019796
2556284956
9833623899
9489292355
3144103431
828964126
4435231792
1790862691
2838149488
3981029625
7166902145
22299488
4113575115
7286984471
6252707124
9198095306
2893082346
1305734092
5361823270
7045929732
9145679923
4975589955
1241389664
3559619470
5724208515
5465337403
4263503067
4383989565
5076554227
969643559
6517613612
2629666097
1086947599
7457791452
8069577317
346268305
1079135048
5455565016
6186014839
3079123054
5619718250
6670787502
1081739574
3410030907
7019693538
7418827258
2282122538
1013109786
9921332200
6862755705
795083540
9769084673
2800168240
8454398737
9560559966
3755219266
8779309099
4665628842
3290202862
2215919656
2993578472
2413525078
2318321381
8216480524
9532444080
7992607730
3475359882
3606733675
9381132705
6380235441
6980806111
1851531808
1993390942
4711281373
1218551693
4330094517
3447903776
6209996531
6257682576
6506241130
7764869938
9281394910
747527171
670347354
5437095394
4572496048
4312486017
8592544929
6693277163
1726171517
2868259075
7772801312
9003377660
2395577454
1530428426
2490979005
8480359089
7874556322
8994190638
3896511800
3626489221
8003572920
6168059855
3600680827
9987049884
3410208113
3273642506
3364174321
451845779
2239671256
9103953275
5285386290
4139062575
1490539088
8846284353
2161015977
8540089161
6985256075
1281239954
4895343034
787459545
5338028189
1845819201
1509721934
293094229
5198066196
917221181
9459612595
948234793
3697001361
8415130250
9638401482
4639550440
6757168358
9113599213
7783822844
5686531034
9613560030
7896457044
7645035499
679151117
2138096550
1116075244
3418664523
9472171684
7827381147
3489797208
498721397
1600473330
7517875493
9468182177
7899341585
6822982830
2474897467
3279153965
9736482861
2746026505
459012108
3406222106
1676727343
721209692
2764854325
785807761
1077533910
7155758457
7091177512
3153983958
8867868901
4659055439
8580829643
7398014963
2267356770
4236783295
2744108627
4193880722
7618140423
2284874231
1446728476
4044533550
2772177209
3751361523
2624531744
3661502732
3872465345
1080172273
3472780216
9415843150
4848489163
7297481324
4769229138
8792246244
8019182734
4163182038
2313574386
9486905662
1489162079
8350882115
7196028883
1144778071
8155771545
4893243578
1618047478
6968713907
7266839288
647500521
2038647895
6923491028
8871975354
9492503119
1392593537
4022346643
9618001172
7961008306
5171325156
9450143371
241620883
144801363
6282189248
9298622538
7358858323
373831482
496072547
8330226309
2248363827
2273807574
4685241442
2124845900
8255562221
9473182452
8947339923
3674305264
7366198987
8248655844
4302356356
5445272496
1073194905
3558200352
8108165083
4056055532
6301054163
2772173257
7602249241
5207926032
8068365118
1181434239
1536799129
4415611441
833150398
416255087
7495083626
9615907611
5368119484
833716322
7599615895
6582429708
7956394893
7873935416
7684643608
5761956192
1238803878
4189722505
9068596284
9378574942
5333012644
8232568793
7752744086
2318480501
8321336434
1288606704
3197061470
9988973884
8731574953
9362787332
1319956525
9376785991
7608007285
1593195175
9551645040
3607832348
8654945071
1473138960
4028109908
7637974422
4671972869
3546037416
4538058101
173503020
6640898514
5019172770
1878621432
4380367521
7050648155
1842747619
8419941460
7099253573
419282824
4473281770
7410907279
4025799610
9612002320
2036129938
443174125
7256419303
9297222217
4444764597
6958918388
8315603852
9669206444
7070213367
5518849680
1098646917
6076463693
8908696960
7323397957
3401126226
1130546155
7755155953
6514822309
5738210988
98060623
5207716428
1559073163
4685493925
4165127877
2783247158
46906771
8422906730
7684857095
253658465
9150044125
5080376871
6062173210
7274984844
3965971334
9357808255
3083039677
8210075643
2496138988
9353168065
6532683775
3542896263
1773600897
7484868042
5448887504
7970471131
6701322338
1297732692
8290124928
4021001953
3204931810
1226907687
4433046221
2871367571
5402825398
5437452915
7476807455
2364489306
134788015
7084884166
1826805930
3605134764
4522140277
3343687860
6205435480
701030320
3259849448
2088785200
5616509669
1350087072
6509971870
6188233443
3451348249
8211809379
4716667393
1361933911
9130047335
8000656392
2938988927
4764097387
4698502931
7503681252
8272678217
1076615858
8831700045
4890228919
9938398468
3226341774
6612690815
5127049989
8172826665
7288574621
8544709569
2647370362
2504291349
2604999891
659465675
1826677757
904790527
6688452099
5083423114
8620102943
1584824711
8543038923
6683618237
7080522080
9473353532
9412133411
6432077320
8652030543
4836646253
3989114028
922234283
6706693812
9656195767
8302636691
926159052
5541549216
451442469
5949109904
163297712
4186082770
8253565029
2547130661
7443944889
2062270106
2170317777
8236469250
8008021257
3894901002
2933453859
5661872772
1458627476
6900385302
1181546947
2141671091
7951730100
7725947479
2451386274
8721184576
9431071991
8510867004
1492746225
3730853938
2472573036
9427910566
3442268888
6195876287
9697493693
8244978087
9550316717
7961561433
4831909214
6614409885
6141230829
5899373904
8651677998
2150065738
9358080372
9050675833
3527406212
4961825350
8408102087
2012031365
6479983181
6924144994
4134852008
2333590689
2298724276
7127844638
5597858653
3235960104
78837060
3200773985
9699431584
7642813338
229095606
17342639
144409059
6748335675
6287866922
7725964537
3432703685
6434974360
6202412477
5043545052
1835863789
3714857309
3071477660
692334311
9916411271
9405257805
8814293610
7214264383
3293339976
2770786098
563130720
2189182104
3215019671
8511209594
3352163911
2942114834
5427570880
5141434146
588478217
7140501413
1257800870
3515111532
9001489587
9503756004
9729724233
3733244199
1991907230
6822246475
5177949469
5682213058
3105672576
7294194416
3387430788
513993446
6763857304
6450995435
9105629522
1701563425
3306261750
1208791833
2410046758
250658472
786629379
602931532
1150256574
6841128289
5524573198
9723759136
1503805072
6513829165
9356121458
7264337673
3712200662
6472791309
644902426
2242566373
9393464240
5204641391
2289263826
1478368427
8251263476
7222247820
3299213887
7664353755
9827891443
6981512708
3998268711
1887736221
7942733236
6318111765
1302613580
4318567867
6757374613
3315063416
5478734296
7633497742
8023849177
2838311516
9926031488
6372155404
8615962032
986408970
3546983779
6396894671
2576714307
6333821425
7874181670
984608988
352789031
2621199058
7214734429
2862370052
5882243068
2558624684
5050960896
9344178202
9910823839
4042553320
6185338028
9982006495
5110652004
7025572193
3367604936
803984176
1068387960
6063516399
2223792531
6107645598
4467224306
3480468839
1619330281
1643693043
6031254409
4326425538
7421610020
2152530490
3025021531
4307562309
4404278760
5620676176
9596769045
4594118669
7667089990
4589548983
7875985607
6293617427
4994773679
1363457254
7847707528
6579257298
945080993
7076427984
1582551630
9109086431
3704848889
7969307635
4759202633
2969951472
5882553863
7576274802
3937755447
6181648620
860993805
1204910782
8484124235
368517662
3658882834
9220562990
6638886141
3189047762
5854244501
2457530640
4752516781
7166568646
8042628416
5928615470
5373284877
5930751774
833139482
8093636188
5418410582
2473355698
9377722602
935662766
8854784404
9877921381
5758979879
1890985526
4578925014
4694783527
9397407684
6344276782
8363466377
801729766
2129596994
257684648
3592387987
9591831030
2042435547
5989406869
16996291
3322939106
317361266
3304799661
3073336906
9536243237
2681496104
7512805210
1092264154
2612891011
8324781313
8388289711
2235038645
9434818983
8546639136
8690022856
8700430096
7429289513
9216343439
9178179684
2566684801
4325834323
849130124
7645284593
9636869755
3037031333
5248246510
1260092147
61991365
2475120876
5105046918
9951922611
3887238251
552985206
2275002050
180694082
7222880133
5078696735
4829489011
1125455966
1574606020
8809867107
4172628162
5340948675
4178298189
989899311
9714281378
609801686
9325322714
623787949
4069036629
3065271140
210512655
8618662553
342912257
9437135357
5269476172
7656816461
6540895014
7871123066
666249861
9617232275
514804901
6418961514
6959114632
5942933121
8747214965
6249562562
7544070711
8428733628
7833246748
3979296791
4043007068
7071039504
139166940
9156113550
1593658862
8722929478
7053023626
7458794401
4577957741
8776136190
7410327163
3210263753
7681700240
9639134886
5602281759
2823241209
3779102573
7538992866
2027507404
956223155
4038949865
1579124000
3834411086
8221450560
5390057786
5763337636
7642997818
3829640666
9598163379
7014858620
2399660175
4909769247
7048562269
8778876988
7816212794
3585418318
7219390165
1941346412
3919401896
7696327743
1162698696
1641111708
2628953125
5022654060
9448343452
5680388649
3885106022
2701093377
4864468731
8608613137
1524885463
1179892376
7968047544
2292586560
5197261838
2856166745
1156161870
9886776228
4799459996
9359366130
9391580303
4587710199
7749489631
169906926
8053241593
6712756042
9952017753
5343041766
9761772716
6747669172
2187013698
6578706316
3732268129
975939846
3972917973
3407403001
9765284120
2996069367
834872297
7000767634
2028045225
8487302552
3343877375
4847736767
4913620991
6577682824
3313074809
1118100818
9045210096
9449349039
8424678900
2518353594
668106165
1819988610
3645964278
8028466864
1289918171
9353915708
8393864760
73076224
594640932
7796758902
5924127228
3373101320
1758234873
8557651792
4619510549
1974823127
4263016320
1954469481
3571245595
1066846926
8767589574
7599464373
8319635936
6671422071
6044252561
6317381
8380673541
2386043836
3615410995
7343956304
6388239656
2280910735
5905121801
9165964453
6758668462
6937123041
5185726787
4596254540
9347948361
6851770292
4822053064
7230136833
6124830886
8959463690
9127205959
6743698019
2798921485
2036548007
4948111973
953396986
7077631611
3496044250
8892282293
2095083760
6751998498
4083783868
1589953963
3569140690
5119848552
4261480296
1555681709
892692748
6204364864
1239983934
1731489474
7449009902
5228959120
9539188080
2486986276
3597355296
9178339663
3192267809
2689433812
5855664410
7170169842
8286501417
4246625671
1570102076
5239680569
2058057100
9189087365
9718818932
2956670577
933752999
5477687535
9979822915
5851896489
3573343682
8338717916
8993246141
8194595071
5235455162
424812867
6124925991
5507669393
8540999143
2347189466
4889167297
8706692449
281816208
2540265843
2500864215
563145805
948739056
8422300780
9586791918
7529225394
6239910886
6841059291
5371927594
2239995442
3102909123
286424560
2629000918
7366274624
4885114937
6878688188
7810896140
2665892400
8855568477
2512847374
761725249
1123640946
9047656773
9838879784
