7991853301
958055027
1872179282
8048123606
646309586
7726534748
8060148485
9809354486
4805022259
1928946027
7773315122
645902986
33214368
5188714969
5309042597
9004090343
4184090453
6715835908
6178244061
1935834600
5963790202
8934348596
4101304712
6851359390
2810954379
6468321068
8415330263
1063635419
6692060626
9661809828
445824388
9924973738
4081756191
2988634913
3851795239
5240442881
7608779261
4420707347
8299559409
4434867575
807239615
246752605
1338750809
9335609355
5801254973
1030317581
368870976
7017904022
7763596802
2931341936
4022446326
9746774556
6927732741
529215571
3379312532
6285235341
426080256
131679094
7334196708
608742213
3398145794
3570158240
3520765225
144243240
5234885054
3274183181
4924748089
6055516315
1858793351
2877037119
9038825134
7920760965
9350893757
8176863543
8271008112
9800583843
9635562402
1532379644
3750607344
965965529
5007108395
4663895883
7033844225
2968125756
4880147252
6034552350
3056507907
4531105187
9723033937
4434500622
9350641856
611064967
6402681738
5155189424
4720073037
7991960537
4888949059
6699492365
3677085884
25330986
9237652754
929427437
4890879303
4397186176
7590196507
8046323874
7932170997
2901564927
5412647933
8711680507
9467121301
1968103283
7423262166
3822228029
3830739560
7043419748
1245858773
8466079641
6533795935
3729632852
3716801567
5511272195
7549611809
7079121326
4800545798
193763594
4633593718
1267823751
605102201
9107337016
2524901332
9223438506
9141483535
9221234907
7030177486
5342681230
2660047436
467376134
2773354314
3342136627
3935929426
1200828446
1308127538
1744510852
6023772152
1221794372
4469429959
2411582826
9644538661
9056922523
2214910206
7425075338
8815816636
2264713851
7053534406
5194346181
263382767
8919942847
701773721
1063024917
7395520473
4303420824
9807154929
2512413605
1516553924
6157672519
4819809538
6575386478
3608365297
9732299339
743077597
849916879
7621478218
5826106879
6757088104
6324805913
1262138345
4406152315
6843963044
8831029442
4118163661
9261753502
381575250
5748601123
3845082841
9001088582
6066515342
3762360085
5478103815
5976420574
8596365367
2150063875
7775134328
6529407589
1083107805
7014254271
7295784615
72756729
6519655246
7810260722
1108261610
4185226106
3414688236
5704742826
8181601459
6705295574
9848095293
3242340616
115338656
5051891145
5035609492
4926087159
2722244007
3878088654
4245352331
1238203591
2004123832
6443373539
7552682967
4014494457
181019014
1523610909
8212183869
2500823639
4120932752
1839281238
335903756
3841623283
8475178247
7393383634
4006110081
4414666303
536024916
7285128710
3427100038
8257008762
8114035825
8965045982
1432385973
4474262506
6576579999
7938586969
3209671784
6525219658
4640515169
415016736
6578164323
2906223895
5563118252
8663431180
4344405692
4102203875
9277576454
8950599720
1026541175
3863718341
8982922660
7159040839
6785677089
2834684426
9470426946
9182608857
162252749
3886406521
3990974105
1046221354
4163612241
6248854284
6672553089
201893597
3590449020
1236812617
1377133576
3344992144
7005413214
4224154678
2432911749
6575689282
4503039484
6540551012
8442920229
1694480493
2342500090
4291456920
8333666424
1196227113
2578278050
4221958079
9491741584
8380786215
1786653270
9703200064
2754597921
1303679383
7155069832
4341296081
6958317740
7057259753
5015704195
3075448455
2780495040
4651151217
7951507498
246504705
3429233929
2276005636
5745835801
3123382506
6406498068
5249208359
2339935535
95320712
1507116129
5657090765
846572466
6682193469
7152593214
957987012
125623545
9723186841
481513116
8865100825
2235057408
4107684350
6760237382
6051245351
8709522978
6470058361
9382057357
2004014791
2212918130
5560471818
7904827146
1234835677
3738275114
8665252753
2625108026
5528280406
3060810399
9860597249
4175212801
6851600306
91169592
7207900581
4653428532
6916269995
4298332786
2415320750
1101200596
6696400999
4904472446
1764205194
2426740900
7676961748
8440363768
9448618834
6440284758
4424597976
9893719273
2941650169
703012154
5927022162
5952648421
9654669632
1667450433
428158979
3627820290
9807772590
7656753763
9293238768
2007382623
6306215251
6788780550
4897394838
4807062468
9233308836
2806332828
3203180095
6030356661
9186115711
138023601
7183607281
2787310345
8381513317
8403863646
936298917
1052965794
9495949028
4424297238
1243329846
2787659929
7704412258
1293225941
5915532706
7306964500
5521940880
6771379425
9220759805
4507095963
7837226498
9899082354
723249820
7882685076
5330155607
6479748263
4175913251
1189365519
1071655285
3503733030
3313228226
2787754933
5494673963
9465842237
9108447616
3347666652
9653841783
4354977705
8542556647
7787472501
2411395988
9091962564
9993270576
2063830835
6020532312
1117539708
8371103552
7025186767
3965767005
3307252101
9455256163
9594607145
4425198748
9483618338
5143527874
1424946560
5616307393
6836398650
5873530479
4687921355
9389414127
7248449495
1505974
9136810938
5124201233
9429772245
642508030
8160059345
5730464212
3612971693
8540520193
191141515
3468715498
9035377201
8240797314
5203008600
2912629943
7707167797
1897228808
7861888554
3069803180
8196213829
5943035240
9244348993
8795955651
7514693642
7416236895
9220465205
6283561593
1877341597
9986534642
9100376498
4897126539
9670520048
4768893925
3300744444
5287202861
8819199867
1000171939
2140942269
2351955057
5746856141
1971810543
7018465048
7594431398
7615207041
3567259287
4435427781
546894809
8905165480
3067874121
248864009
5078046360
4714490943
6871177306
4744418137
626659895
8125288479
5807971849
200782947
4310780288
1453926034
3782344189
1453347883
1123351673
4892423042
7901530591
7916644606
4707000379
7332057700
7647892320
4381145655
2958431193
3047870004
2482914547
8093125338
2546846103
9435599460
3739934723
6739720385
4430263496
7055396033
6146429042
1471982818
3808128634
2225535453
1791860926
7572089870
4768345090
9247845613
8648547527
3665675377
6187909268
7192045016
3219869403
6511647584
6623321805
9853506858
4023762556
3944162190
9147509182
5096511643
8284388357
6633139366
7213643271
9181883778
6618939528
4810467058
6138948293
8789670087
8811290999
864355190
241593014
21029113
3758657447
343513728
9730899371
4154540326
6484493981
7481148153
7187169411
9556244460
3675283802
7357473819
6837915563
9630680786
5324511939
9986413108
1327449173
3664951486
4198601097
4829881174
5628340917
8587371519
348290341
3286130097
3425323758
7973485543
5641064410
6120780280
8482313399
7685591298
1098872439
3263638485
9150912148
2772893280
6850595898
6508999180
6580129533
6722807549
6487917587
893540670
3008355919
9295431612
5836144573
9693843742
26152156
8370153800
5427303736
8045741693
2727291048
7024183865
1782760041
4831788462
9495393869
7487081869
3765454171
144596201
5296854668
9894047881
3058429163
2961748945
2411362066
9240437555
7595359944
5612459395
6584612890
1425112060
4426361009
723977864
4832562058
8535948117
9280652147
3758202188
8708881850
4127969912
6148578321
8813994886
1319660330
5894236425
1634155450
5498290563
192403312
4904483901
5368421004
4644122817
3466660357
1593387643
1161965598
8831284820
5560437009
6417542721
5426377487
3663248638
6025815814
8650550662
1237412132
9112658953
1126577233
8238016330
6362843079
6494713927
564468069
1181227329
5263044565
5334236903
40611292
2475092040
5421836351
1366251498
4901465433
3872864392
4028364133
8349752022
1281666293
7523932134
3762244294
8028485205
4569806346
1297012844
7942002342
3208203035
6171128789
7270891589
602000806
6150803679
7509927157
5694959204
4347024107
2314861982
5479283894
6655599136
7975487698
3777074112
9072746159
3382892385
2945587957
5534402275
350876632
550959987
7790762484
43127484
4322847638
9501185752
6355719273
9605677165
8317720173
6885434391
4008986913
629521161
2336148745
9419438435
8423208044
3956142097
7655272070
2455053517
8666406137
4765249576
4795833545
9524703785
2527572985
2207945881
1059008060
9514632579
646759720
3744348954
8975353934
3527006206
5403742382
6887124095
6006874139
7381649257
9302956372
2918664208
8919857107
4108706096
9554540469
1530381620
6885445958
2082057444
5926126830
1724536128
5805811722
9684144522
4442434516
299767488
9384681206
1302566686
774223709
7866084447
4196658326
6688919983
2742699724
9814959522
9435926862
2803763314
4470796032
185400307
4300947804
554626683
4446160592
8920848717
4121696509
3221724595
6103017852
7586867610
941121943
8495750846
5085285330
4793456327
1106607215
4003541082
6608750442
9120944891
9400502710
1046607683
4210013196
5538420187
5001946278
2386452547
7672068721
2487562084
4204157418
3838397415
7642087408
1813090148
2371084332
1058649438
9026920578
958977707
7978320198
1295731252
6766572800
9965900261
1222356349
3328227890
4928455559
1996229081
9667798041
1847511862
6612570637
42900480
6421777876
617547064
6960262573
4191178566
8346614350
5137613101
5859715542
6403559027
9293996655
5528888534
6101141070
7378468197
3752747685
2864168815
1641876808
6912302521
2283342770
4678736825
8780471495
8442833447
6196990340
6858725001
2105465997
2484279024
9994042346
8534689086
5629295658
9861259092
8445328970
6695802640
7892516921
338754093
8157155741
9215574529
488873730
9926406536
579404054
1662991101
4555644510
30614025
7544581432
9708161569
2254365334
7567990611
3761470539
2302587756
4501709796
3613684686
8901551036
7496920892
7771343746
7578323624
4099919423
4888305991
9300309830
6973437735
4543546626
3076729050
6198663880
7544627631
3387917215
9935079354
4683571061
5410372449
6763169891
1711845906
6952156991
9362832358
5815989001
9849255470
8223780708
4151357453
1640124801
4126849481
3811652815
9247372861
3357800925
8824626509
6116403628
8029864270
5991392016
9178876175
123021591
9230094966
3306613455
4993636528
7204514718
3381672023
560680965
2420624611
2894703801
9348176319
8789336977
1978299804
4266378560
5534239048
1190853514
1226188638
1507981354
3430284162
2550238899
6597269727
3701892830
8033787956
3085091857
1292763094
6685836639
7710171557
4457707198
3537046129
4668438746
9422385109
4556510934
5581411634
8454382863
1062468765
7239388853
3389244065
4831263241
1083153692
1276543794
3261172790
9853637354
2538560227
5286631247
3119184923
5517127037
9883021895
6379184814
8010850707
9946833465
1021281745
3139537713
5132684139
3000571847
5193842126
3521110560
9202662225
1812192793
5634336006
9307328694
3745642355
5768147384
257630412
4832345457
1970094077
9031619370
5836623278
9610246241
6041117039
4919111199
6460569849
1934243592
8523213439
7172589187
6639289648
7942195225
1942355944
502454863
6454696029
3399684478
5800685788
7493680736
1296364162
9351558269
2311973860
4572664820
2306823102
8372243823
7732795241
5631485100
5858020028
946071214
817937713
1222232439
3494766614
6108594991
7673909664
1671415369
5649595862
1704615190
7014622502
6993389020
27486138
3652557127
1945048299
6502065320
3944287692
8856728529
467728941
4926305386
1225589520
4173387526
9403467459
6260237272
63106653
2649697451
2688770667
3487632377
7536980407
4302495698
2005227386
8810520697
4022002979
6064283615
9020099539
7747077446
53444571
5829037584
3754007847
5111671758
4260109583
3311439657
2988619489
7158940453
8706793699
6180282323
2884251208
4468313564
6675109264
9992379240
3860321649
4513021440
5050469431
748552327
5011504013
3787053907
6932917805
2318629262
3585108538
1657803243
4194485769
6401334860
