5101267420
8338742551
370754072
7553028669
7947514589
3012664108
3353162768
5601903589
8270884046
7932582166
8902773660
7241707656
6541495550
7473659218
4397889206
7406245036
8026553119
5201520477
8374419942
3852816428
2677987377
8520269783
5040657683
2328099943
2700408833
5285913787
4632970798
7262289133
6266698561
9173745866
4974134175
9045252484
9840236394
4521199179
9995836903
4121469189
8524176327
7279679043
1849388140
767150178
2017973821
8531870746
728357805
2917312726
6889710825
5303915596
9405645488
8135587763
6907928861
4352503660
9201687093
9350864654
587125843
9452459134
2210852178
7981196679
4952329037
2053537773
2100674487
6525483481
4321320506
9708361005
4175365388
658735431
5246011222
3698529418
7287142552
6174811714
5119137955
2256634272
8869488033
3753636722
5694626534
956109472
1125132
1440874019
5647755081
367093566
2315164473
3817056274
9201685198
8632938579
9462728435
1519548981
5512732962
9684515268
1160695769
5100403305
2798514196
4341140112
2437115321
3751996370
1708228494
2786401121
9022670737
940138002
5899319858
2143104034
7970480721
5689867363
9153075506
791338985
500409086
5875097038
4202029699
2512774113
5704220252
2522039533
1054947949
5640909224
7339992181
1357285388
1843010540
7095996120
3577713867
8378457792
4200071003
5885625804
7084178517
9066177269
3138211984
7932680376
2821183477
3245913844
7088791274
6351517925
8947858208
7793477091
1179315127
6462040239
512677897
8024625990
2906345571
1816588555
506667910
519249953
3869877790
1931802236
298323404
4807249022
264109676
7760529549
5372426682
7494774675
532399181
8048729416
5304200720
6525655766
4349956566
8541565383
9352339332
3166227140
6118119978
8536384617
760066474
2706097539
7603625932
4123535491
251954602
3548879757
4408204816
597359103
4991711731
4105991997
7029395578
5257657491
1492293007
5794061441
6958749987
902014946
1961947204
2792900695
9764311697
7113617916
4333548757
6840457438
7640807685
7548029588
1355061089
9363831399
828674174
8364788732
4740512631
3811056083
2124768961
9524215434
2999343874
9155992011
7117873886
3389124293
9085396662
2130954193
5718056957
9601172066
777115492
6354508408
9691989685
403000076
3937622483
7122670088
3921726509
5138338129
7003452953
5108403673
8652032792
6254643092
7820285083
4152813646
1318469288
712913008
5419117916
7220322349
9192589802
3652061785
7702067081
3325381992
1295718048
7850067563
3554300142
6595746875
2026219804
5072422795
5913968507
8240131152
529009108
6123565427
862081336
1197939053
5567420584
7359523166
9504640274
3935538184
4990744859
5569012632
6977875778
7510005798
2614795262
2656630756
39065040
7681380094
7940322470
3651490713
5304814789
5769106436
4623839953
6869378683
1934267859
4667249026
3854443277
1914024701
5381367148
7349356371
2198387589
7247332884
6837188726
3151027189
7322795638
3588731876
6893093054
5222652097
5032552112
6667579535
1013237382
9293979803
8793576772
9333378023
7411549202
9047538567
3288525915
2173762015
1645465414
2747374550
8673612191
3415698246
1063879204
7453634385
816601429
2825175241
1301681286
5365522062
9922522592
8358840784
7229163528
7597969024
4761840747
7783997981
8443394789
6402916859
690560456
2948933443
9545887337
7154674296
1195686101
5881673972
8878527798
1708841288
3436520440
192360600
9030568497
7573090612
9397201270
1324019096
6914962770
2358056788
4105656002
8328190058
6381824490
7372253472
4639632270
9736457028
6432065179
1011233024
9285500047
311001761
25828446
7581100942
712035424
348102838
1283381561
2611584619
3969247195
2216202046
1170395107
5560231056
1597311487
9924400389
8817863929
699149115
3554285385
1107645368
2558155617
6077660769
7764197720
9158140965
7538848258
5312654447
3770326443
9138185065
5434037399
4679511500
4026653452
4805656420
6683665403
4928797496
4936298690
3618105368
1246920826
71251855
6655261887
8089278926
1951652023
7026141140
3145373451
1197696396
3444858926
9251184033
3158248494
3161788771
230047203
1291448257
9359024509
4630504149
5586036503
2807468710
3976421191
8385966102
291022171
3761744114
9887349087
6659352794
422056964
1505432530
3537143355
3368279415
1173654543
2214764833
2695601658
7402713349
5353804513
4757410733
441700232
8969407613
6909236689
3315985250
2128076549
2845910645
7828483719
3899953091
7602609047
3427968687
6540969996
7715899639
2172643620
7373854992
9633364638
973268617
8237496468
7242660238
4834168475
2998231248
8281291851
818785489
6437065080
2716722798
3518294405
3030908357
3379070573
1850787687
7810482750
8368321354
5691313410
52896520
355157776
9976597239
843698804
2797347542
9806458740
9346873078
7723473063
465020753
2555977062
5690775620
6788433319
5690233328
1108637656
1700304360
9600843760
4796142753
5515404044
9236549875
8538036804
9289288778
3169406827
2940811678
8015057944
8454542757
8297440996
6799452173
5972265880
9283693203
3172629571
9271589671
4859575317
5717609251
2387738588
9477356305
5346983954
5938206205
9533705849
4924954296
5825897583
1930203592
6589883073
5295781649
539979252
9658368387
6330090430
7679453532
12638635
827650909
7114019830
4274676296
1618957205
9598936927
9044012355
1589140533
8938860288
9650704780
313037999
3194408447
9606655996
8252807419
4778495818
846460389
8122988572
6910173398
6353778298
2412172419
1017642107
2413282492
737346264
7336559260
7798516269
5337385991
6460678825
9703948092
3797687213
8818143198
4108303881
6002668417
9351853594
2654986323
519930206
5407255234
6400862051
7727282828
2259721133
4318576347
977178418
5773917752
4323698268
6031193152
2432891787
2515031913
8611381110
9563596691
1857908749
4300711348
15464947
4940566616
4921176615
5155837513
4778172053
5879800567
1644920482
3904467321
8927533485
7250987163
7290921056
8904400645
7847458852
9850455061
6906565235
7213222079
6211590736
8018317778
8155258699
1909731744
4126505793
6923837966
712649800
8295559986
3223926109
5676285404
6244260045
6031345663
8777249500
9834732412
8615672627
9728155748
498144319
276804647
3268521454
153957347
6525470258
4399501438
3483992489
7272300272
2491222036
9537223644
3319294765
5807823593
886601053
2754179074
8596088313
8621783310
9674510788
1242989521
3751689622
5052894694
9249177191
7228421581
8997627772
9754875669
6855914765
1243685046
9166016839
5763177534
9145865684
943340650
8461259955
9222845591
4769953893
7126459840
3638028924
6248217479
8617439459
9616581502
1834608893
7640030679
8371775727
5347222316
5146623424
8101607495
4351739600
5438935379
1904972045
9842766234
7900722375
4836662804
5452358741
5682788434
6283977479
830479209
3640971571
8638164368
4339099139
8049051992
9390215836
2795820384
5003106149
9717141814
6131028442
3691379085
4293779301
8679609459
8983979177
6570315150
9109001506
6592106441
4369758413
475245237
8155405920
8506767653
6820926596
4163705406
6138749516
9852400540
7429599142
8725701763
7666614186
1596864464
9746188199
5694494082
8421216431
6693561743
5968830410
476133568
776615484
353186448
5178870179
4820408063
8412727999
3917842526
9810316626
1230934769
4654506592
4912451952
5819855848
7208519364
6710033256
6999842928
9783918684
6639661339
8095279185
7913529542
9024607629
4127563420
9886015118
2872677182
4674097185
6193025462
422099874
6019389526
7634650242
1389062326
8139362224
4033913911
6811744715
5198121219
8844125591
4628003576
5864955916
4180179645
783496171
5000967021
5687343347
7077004417
8067211493
3766245068
9239006885
8497733495
3095424049
4456697200
10656028
2835366884
2529194172
79022153
6381356224
923156328
3895467949
3362165653
5169502380
6857859071
7318746660
2198845162
1887150783
6827744061
5995591749
3787892484
23159624
3820772177
1234805989
5577575592
5838695492
3070203651
8129379766
9394750315
3703555397
9036156544
8755824956
3159285891
1569152424
5073601740
6530679438
1220488331
3512032344
1710692606
6725769343
3905018841
1610289353
7630362868
1589871655
5886368102
6583541922
6985386048
1783793518
4188133599
3258929178
4021040921
7851830316
1559099833
9428878107
4742838412
1299626195
5604562138
1733179465
5015199087
1365242816
2180985131
6163169261
8601246269
8448406842
3668188881
3694497999
9781834983
4623447212
1069986683
8683047826
9664680366
8405912712
1607200832
930466563
2781965967
2435067728
4669336563
9299287873
7346016469
5168265377
2911783296
1768605375
9922735266
3307051405
1077816079
5314051221
6641740096
7755817977
9927817813
1234762369
5814966152
6863690170
296172633
3239170320
4118725237
9222928650
3348330711
8141577904
2999309232
6834912296
141008556
920810368
8359412243
8174598229
4445136970
5290479593
1309063053
9506445763
9715875108
5608456704
2429135516
7252365318
9388442633
3259353005
7949462445
2930718182
9638861975
7427390253
1348232566
489609267
2277970674
8036393924
3726831583
1898037196
2424043973
7859998006
8000753788
5656476525
156091782
6970464140
5220078589
7054607698
3883533754
9757958351
2900193643
6379562731
646326747
725386407
5013233863
5385526679
4195511990
1858065682
6543833
9395285742
2885983245
5612980951
1417304296
5532196580
7438119504
7062498367
6235035103
6753847244
2525029827
3539604493
2339940823
42436775
4510540268
6181707559
2865240915
8328952526
994569048
5595797294
4405182805
3675838943
7424831675
8554353655
9396383504
7853148427
4482117552
7492880795
3774369368
4596740669
6750646960
3719330142
6971590434
3836674501
8719978930
212294659
1903354402
471844886
1484180785
3160937399
5166031273
602728920
6633561278
9216004894
8259735421
6094827682
8711844269
7384953496
9799945285
8481378273
3030616681
6419213366
346552038
2232019284
4005178306
9832072833
3906727780
8820861956
8845305816
1315948917
7266180603
962946230
6311141946
117699066
2793164603
1060165683
6297148193
842531974
8465518930
3612128788
6788315361
6090172890
9631761782
3854485265
634686908
6011527730
2062697525
3721081655
1193066250
9255125715
8991503926
5731679923
456432027
599691961
4184683734
3577765837
1079924066
8205340465
4634338432
21934751
1283600947
1683256280
2828314379
4407224160
5141246876
8832076500
5047310903
2239546340
1170347570
2337486936
4628876675
3612407289
9275096818
6444921710
5449628575
2149852810
5106352275
3545529858
5460015277
1609244733
5541387611
9896713117
9382036638
8704684305
1589650895
6753914341
7464083408
6649930048
7241281316
3849432085
2386496074
539843895
1316012247
1385691314
3846959646
3952102235
7073084622
8784068052
5061959902
2856299421
8471133216
8044886030
5728506227
5679592360
1247951523
4086512181
4386903699
884444122
75604095
2180475177
1949389376
9254528592
6235539703
887377089
8929223000
1293853862
6967944924
4011749754
6885187480
1828077292
5267133984
3761609188
2570705086
5620651748
7049856697
5296899238
9250644074
1661813304
484095608
3746202373
937096253
6399018419
205999821
4508349021
4188437328
4725105388
1008288020
4771475629
9807067352
4137524189
5157157576
1108674471
143668735
1915749580
4717884969
9725044548
9436164460
9531025295
5905827166
5719083038
6969513692
1946891320
933593558
4417173329
8411854849
5162092050
6109030580
2094493420
8720028539
640717129
4619431076
7654900639
6467784792
8553468533
9478658172
2314116132
5239186104
8785875344
2995694750
1849056827
4374489519
1852047455
774766854
7433559693
6220934326
3785084440
440766649
7263097177
2146555225
842763658
7848576250
4844179154
6027795872
1094255857
4776668739
7173373688
8354802163
1739067244
9119807446
7462564272
9771031190
528236341
2708469844
1892896051
6117673300
3403617213
5175204448
3281644197
3852993758
7048734797
6545598903
7692101799
7608084324
5464018884
9216696211
8285668035
8272329777
8693892124
3441619570
462043556
3902662631
1448843136
3720667107
4900254285
5292539093
7851485712
3904698609
6167987432
941206175
779860432
9052265826
5942454003
9280088497
7892813806
6641407034
769149448
2432699594
5348482242
7285544080
1104027009
5515057450
114869435
1400236765
2119159822
8543038783
9230443332
2780611453
2995857352
7672626287
3747735776
5549230938
6356422065
3753208973
7223143584
4929744800
1365143633
4076716997
4219074870
446250564
3322600920
9556068275
2107149962
8601311758
3471637945
5638759387
5789377819
777403210
7800026522
3191781860
7663466704
1774881294
667249172
5515927948
1742355459
6548461539
7312707588
3136064546
2789472172
6536017967
5013168882
9490651952
416495251
3483035578
5415805911
2140537264
6997074945
7371968764
5676201491
7069400688
285828993
1312882717
2366104283
3270341293
710026603
5041426219
8254102047
276844555
2425575403
4899484253
1347632372
5307162576
6135883556
4318141108
6428249397
5664891899
3647310855
2656921346
8299607988
2912432751
7759830907
8471078599
4673952208
9522615004
7423169318
4764823537
3381313826
6794567029
5920592894
8502618585
2344148400
7335560265
3132311729
5538744203
4844905074
6689361918
4019731682
1754872886
2436988707
6961479713
5196038718
4962177473
2080223477
1309359190
3937451454
6460538585
9527516346
8196357037
6424421671
592680801
4928371121
4953676267
8888444995
2345309629
174974437
562803173
7407337080
7211157712
1291854644
8179166131
4797305809
994633443
8854216053
1924123419
7496145949
4294870978
9150173559
1378531695
3755114178
4454488226
2557756097
3261836150
4822149236
5748360604
9353991356
4306572223
8791600924
3361553713
2912712861
1366716887
7334843283
2841915089
1810761045
4135081786
2202233503
8365709742
291864245
6120014474
6589375280
8714997777
2240147769
1221101558
5429439031
7753432844
145401770
6311484714
8405443581
7375835674
8262123694
748794687
8050078016
4742502802
2738646422
2324001545
6847304484
9688135238
334978676
1890772392
919240930
7205118719
7054818766
602250195
8537873004
5302517907
3326422910
7724799523
7863955806
8235988099
5392365240
1660419567
7751308526
293044803
1475402795
6187320328
7794629318
5053010622
4723761876
9977474470
3113055870
9715070049
5262589125
1934756268
7789311732
2824392212
5930577547
7119129131
727638667
3056492742
7230457722
5266483878
1053011960
3872526014
6806394311
8824196372
295251649
2170743748
6536035997
2622953239
3716895025
9244706142
1898925509
2633394904
7769476902
2273274663
6092246744
6114231876
7915376365
9508756929
3704816169
1478112277
744047108
3503954524
4995374560
5965211307
4877043376
3150987312
5325188153
3714742642
8338579775
587287432
6641229951
3564028395
7606892207
6040235168
3494091808
9159173379
335118807
336554912
5195559220
6296536764
2909513667
1849028040
3223864968
8032917669
8440045453
6672799767
7937666313
4980342703
3153123820
1570589518
2142563710
6199871766
662186766
539551724
7220685253
4439310599
8735979393
4654731634
6140727775
4400454448
2754826105
3287435769
4615727197
1373426215
79601757
2514198035
1821033797
5251386274
1552319004
2307931885
1942451553
5997478576
9130395891
4238855845
2824606912
2734941307
7434309438
8115370687
2711893325
2525460678
8709384346
165870098
37482077
79441791
8453110818
8745136514
1752172450
7622750742
5020001757
1160975890
1293689121
2766579362
9419007296
6865217111
3516165919
230131119
451797020
7502867739
5800441008
4457094942
4179366972
5614082882
1913589510
797144066
1898698463
4802747171
9721631281
5042719754
384865351
9726041752
941725787
6340703911
8187914691
5987038212
1957622647
2827778529
7720843171
5648352922
3534429323
7895932507
5665910620
2396151479
3822553174
9268570975
1041606601
8151489149
8206686468
9671370599
5146816335
1182881622
4302758587
2241895598
4009574660
492779491
1137909119
1232249454
4663792814
8895157671
1869246267
9225859639
7254669855
1833682085
2705102002
1659853889
5214712668
1601306459
8945508421
1153365959
1881717809
1435086904
8824796573
2280302999
7895686161
5426997928
1747622762
9622784133
7771139617
6864206895
9168894807
2102286968
5010962713
1190453183
5287791264
2032872657
955175297
51908014
9096409113
3630656113
328593361
4083883133
3241863952
2953697402
5038250897
1648548758
9833479469
2782675127
6416953390
167375544
2895958636
3139460100
1749680594
6201662430
4012668372
5130328607
1135990535
5693702858
8592434686
3529601748
1454481399
5882651160
3522924791
4661275469
168077302
8496478920
820674276
6387012981
1468200000
3123238765
8866283841
3602249885
1403144076
4415866579
9221919065
9789501044
4970856897
1073141336
8658546026
7826290997
9461039098
6802435154
5549827344
9023502788
6796203011
5161910461
593229585
7688617727
7740603199
8786437320
8413218017
4626912562
1471638182
1570678111
2793730921
1454899600
3128526581
6232782594
868782182
2004323325
4920389656
3319992167
1024168480
7281468361
7351840081
24966322
7488563178
1869906584
8080398564
5802720366
6160011826
8450925179
1959145849
9837706293
3613583717
5948051955
9175046567
3837429476
5009654260
6173950041
194631093
8392431360
4601382778
9245710455
890541555
7166591786
2677632229
8544693197
2117051957
950798559
1434901737
6130924506
1513980748
6418576163
4276787771
2826587314
6352513697
2150757244
6509232685
2062724736
4627512800
9342102530
8621578933
4362291690
7032011679
6513870920
9983232758
8401587166
4556803234
8690078136
8747099043
137238246
6128028409
1184248762
8019951043
9590285523
6139166764
930428513
5103309928
8023883744
8838180630
1617950711
1864634077
8123930510
4228956293
6346398025
7548364990
9121640238
603677865
4592336336
4805869609
1981694725
1487971720
9992148081
8491643214
9317046930
6076346115
2259025441
6342478467
5076887014
5616576244
2745356769
5463735486
2042828043
5904933006
7034374529
6712318464
3968031611
7530647366
4475379081
3340856643
1257234914
7263156548
6242217714
5946859934
222648651
4584524354
7541114202
8731155436
4661163688
3959402114
2257391816
57130254
4026045265
4594465895
4998283104
1850822773
7485454163
574129388
8958220236
3705947044
1829512501
4924812722
535074353
2210555682
5258254885
1747414954
3941850210
6645435884
979027703
4398495985
4432652385
965976092
497012002
7037580957
4289849361
2613150823
6559258193
4471029025
141712218
8313946580
2977612604
8067633981
8277754239
8023594138
5804588631
56558591
7062652150
8235553587
7355509838
5618311475
4335973887
3291316394
150387986
1474214147
9663206070
7924437046
3363907789
7271723018
1624084163
5736527758
873225280
4193086285
821909358
8084209478
6276679547
2298957967
3409324430
2904727557
9219445143
3454119147
5239757859
9706632913
9650865508
8391515359
1507519420
2682802937
1169088048
6014558160
621893920
3370479808
1945546574
5390589259
3535124669
6021049204
2370590802
4817126018
2129204964
4584177545
7308969995
4728553183
8638939855
1008336587
4982604781
1768935839
4846578890
1134128688
1155381581
825896184
4727560130
9327085199
9300278970
1283716414
984320346
2858123083
8666619487
7761823997
6315937969
5875301929
1905789771
158502147
3350662893
8462299420
1763658140
6740869985
3703190590
5156529555
4811360365
4796392971
2825877952
3481411850
7803566425
7402584416
3865976689
601170174
2425345536
2214320018
2239027899
1380851744
4430209005
9482664440
8078053723
611357480
1529389773
1234400545
1764566399
9683826851
9134786983
1474241041
7470806391
798769500
7504549638
4267524427
9271371303
9908266698
3478037665
3946308597
5158669710
6053453652
5558292213
8580296624
568017375
9231661698
414456489
2294378733
5548058241
9505505440
8017641917
7516438306
4173745980
3147425561
920770961
4689144746
9732189715
7580501986
6160908614
2967176730
7340669150
9023522759
9174112289
9626903783
6924394328
9537776258
769730859
3681268821
7221271998
1019907050
4652512421
4979095414
8203866875
4866807270
7450418337
38010834
3149045447
3159219249
4086730418
6128971826
695281192
3353771611
5090392918
4019524523
9574523386
8789871349
4764729159
723401586
4568155001
1552737714
8978311179
8410793551
5384105360
3977936655
5186195748
8109011318
5362691256
3114390238
1767529967
8088598423
622779575
9717432861
2993449222
7820004999
2956298347
1724139024
8985467096
7936423599
6704723000
2200509791
1557803625
2969195401
3849485777
8079070302
2271221748
5438530449
1147128819
6419440051
5651062183
6271592477
1273071060
520270481
6548150479
7305345506
9872990837
6707781179
6573528752
1429931972
1846717107
4422377
8983803518
5040221768
8952441815
8632685129
6542990887
9171470576
5215088944
1024055451
992006213
4718358324
9332439216
2402376423
7617478371
7147493779
4082974473
3100593027
1619155356
7021068313
6862340509
5204902397
2376416183
2879884386
5396590471
3031944696
3715455454
3125830393
6266447105
5171994803
3265257417
7031825971
437411371
8165574119
1136674081
8410233233
7564393777
5211481370
4496866734
3660427995
4200122888
6177168032
5482375068
9435064685
4054517983
1751590138
5321475941
8528230089
8647226544
2137583020
728513870
7635006370
5052287026
4511251134
402977628
2811108929
3294479186
8898686374
5261962438
3541741595
5047217744
3152675701
1345577151
422130093
506472267
5260597199
9935773058
266934379
80961976
2053201687
1448380751
9877852481
9226256650
3984159795
2941812349
8720825267
3780599576
3044204660
807430668
6589293695
319382156
4455812312
4313872133
5304760259
7051422589
7372843033
2424307140
8185735458
6808688962
5578493232
7471107382
9667126048
604531042
9500157264
6903664443
4744686613
9511300901
5400748597
6720983350
7397454668
3030427095
300102837
5356260159
8412062911
1130236913
1417507774
9178545937
4236582898
9998113876
2665561944
7980442700
2381309210
7987186485
8814878112
9372478038
8328684650
1288423041
7616446063
5346295363
3113644573
585019281
8065333762
3868277830
8456330733
4811988989
7385233980
5266555494
2313531360
2028706516
7885918688
6063907371
4728285302
4397389821
2975936039
7955000368
8141784931
2198892707
4770659420
2187741354
3801186384
2656434461
5885590803
4315131697
8430491663
1831272217
4219918703
4388956908
3372925121
3817666458
8588927918
1350656695
5492082826
3733981984
5197600729
354324684
4288116964
9569229960
8839833562
9961809255
6903699931
9775184581
2243657629
142428907
8841937689
4352810894
8727396757
6864045263
7635651043
4880659773
5345984273
9034360200
2428483266
3408372155
7986854409
6231748286
8471246781
928012776
2451810620
189841209
1941100908
6838889237
6233896482
543122173
839285630
1149903280
8966378454
6674049685
9417274975
3753984706
7171608923
4111178784
5206290990
9752853074
3326290904
2791108454
6571422846
135668322
4537407644
7614520115
7871343213
7875341420
9828695886
8574101874
2349925412
7724113004
4422979736
6056260332
7983730012
3268754224
9514511515
9597355436
9725181329
4178628520
8442954011
3411913574
9808090018
4921153660
4400000766
1273510252
7892860057
230251305
7256380773
8491854034
7850862375
4295784258
7246166848
9560020511
8158522826
6522550726
848204600
2320967883
6493452500
1072070525
299197908
8203212292
