3245219445
6138117293
8385379781
581960187
2827808436
4777152655
7614547471
4947458451
8360651298
6465993108
9492130498
9144583858
8982076262
4808797521
7191719672
9094805195
3382810151
2270600359
1272279242
390752452
3164073716
7558520913
9208009393
4174005317
6309553984
4281143803
2386425292
3885126319
6184728639
3771726464
8765440123
5896651512
5587720977
6225075430
2160024151
1675935652
2774415242
5014291570
905667229
5799353307
7215323722
8748170607
9260581954
7065936467
2651016938
9762327665
6185583377
2636576774
1390731260
4262671807
2402277554
3863829692
7228952086
7730052149
8436644847
4410677728
212560703
5587604499
8401420830
4080132307
7149958485
6167068773
8675147744
5712783046
9468492960
1548093856
1825647295
4677416388
8967743601
3320122805
6935062882
792001428
2643556871
5738318213
4711957161
213888332
8596301471
3217843126
5065415689
9766091983
4159700563
6954799307
6651467722
2688494783
6530917981
319812580
3556465221
1601131981
5067492129
3816892146
1539496194
4719501054
848334191
3275409444
7987637741
5386682633
6859067537
280761916
9264075809
845874037
5367486650
8665713037
7281702236
7857388991
4407900435
2111604975
2361237145
2219377667
6376560071
8500491457
8890275771
7165570924
5205874694
9286263294
2416438847
9492416851
1931909289
9837320050
8062803969
1480577408
4721218062
7162171254
4194009553
7082053610
212962579
9824671207
6009427170
5053655439
6324053309
2530291102
1040866111
590880051
2112081632
3365799132
9407546277
7136765178
9821593961
5827072668
8371544233
5355124709
3011193572
2936793595
7614648600
29518130
640067161
3311272136
3857290275
5734157319
1824860076
2330195702
9715368985
9651559482
63479613
2217945427
5992973033
613046206
915029185
5002129828
6050978555
2413741240
7051813393
5300368307
1307738623
7932828227
8860607190
6561741299
6116825797
9084151359
3916342234
3995372284
1697549436
2713151155
7853388563
5235504105
7881147070
6799518972
1920880206
7510100611
137375251
6026955609
6714800160
7817348778
739577619
930522318
9005884729
5971443789
721217234
8753797629
2109974712
5675147731
383574398
8608533889
1410637304
1500644121
3781919593
7736926528
6993738253
9153717150
53268492
5451420528
4680528640
1956616967
5035719877
1103516842
9760369901
4708988448
6773635351
168163486
9594141732
1145575036
6239437353
8288520824
5392977184
2423728870
2648653747
60622574
3103334531
7559135933
5730044761
9981760353
7035617622
6809453015
7496892808
438134335
5889286885
4013909749
926189158
8621680228
5357597961
1145490390
6667682484
3376923043
8673448077
8001583455
138560617
9243875848
7246097439
979226342
7036879001
9954675885
6375113572
1716539991
7998612975
5287606293
3800839962
2031056827
5265277540
9913873625
3522594344
223225030
2866958331
2510980189
5772249961
2460609040
2434844310
2071761600
6839157098
7339480849
2178412263
7211464660
2242169697
8078956299
9295647723
4679107128
7510171393
6649801900
9479066126
8014564359
3431905697
7348936026
6387015092
7431372597
8844243217
7577942882
1424469762
3149733793
9555441988
9360176006
4531958221
7392360879
9026953435
6631962316
2939286639
8456178359
5661354491
3111417531
9411520046
7473590452
6357269702
739608725
5794981064
6859652192
7607333146
532356777
4584115774
3318670849
3675451267
3413662236
5599607064
3863653769
8604132423
2255386367
8821070690
7537218119
3450029266
7127026774
6147295228
6483635260
2900007160
1143821602
9878312766
6694690943
6460197292
7694433632
2027255872
714313994
1756266416
3653047456
6661630739
1634429524
1807724907
4014128091
3226272598
5169334536
2501397483
3578609489
5702578536
6300066834
9182504242
4725099489
6839356873
217487738
3077388895
4666952352
4685821963
2697720724
7598883567
7693624354
2189889588
9297070846
4580090468
413292831
5949247923
7878941901
51045747
1289968519
9782838106
4312772849
8878342571
4886062394
331333631
8579097817
795166309
1500022247
7082257205
7776934299
4673842114
9236951932
3150683290
5643618056
1992192384
7297543044
2789692843
3180068705
688928937
753317157
5417647358
2118050409
7696912976
5597395296
7471985906
4361075375
9630801237
9923591160
3516944608
1815909794
5439724590
2588368760
5348337345
2631363333
5999985844
2707110108
1082240669
8130190401
1752757620
8049368323
6218921937
3081353200
2901725468
3803664187
8072450808
2316483706
7131922617
9760909044
1992236453
1720606414
5265681374
7554896649
2907524638
6323480655
1038534762
148875588
201987597
7060103680
8876160544
4733425608
83626158
4772315638
1645589083
7691534777
1187025094
4303958227
9579848397
3371708705
6004287785
9911606596
1040907785
1696896868
5065244386
7673820035
3051988743
399372721
5317651742
4152607551
5318303136
4621824293
7611747594
8010597583
2507902789
2669245501
3682969465
9084877494
794751013
5673941608
8715592504
2952060043
6762576975
2244278108
4518977693
8411754670
5539650566
7831577835
6560037188
9804459201
6997691927
5340227201
1562699844
5480440797
8246274942
5740098507
9041039640
8388425261
8260917053
234573913
8485585000
2654316873
9627843176
6883300330
9824102245
826502650
2657250290
1036336729
2050906248
9301313402
611779981
2403786932
2417991839
1365708263
4885686526
4435206336
7923661210
9355567335
4979520096
340581180
2119456837
6972536975
2619037354
5223390561
6269085599
3324432957
1755457815
7682404400
6973373150
5663853102
8953512852
5015015724
8239518456
7933609690
6294493784
4920611620
8732078024
7289678208
5906324985
3221701838
5726421320
830439658
3222059646
1487630375
9912652123
3619071261
4201621936
1587162248
5870412203
6537020092
8765021335
9038238679
5188439480
887356910
7827832488
2035752074
9273949377
5697458129
5130992721
7153206263
7747567790
2464007610
413878830
7194627004
8566777767
710143072
49508576
5050660719
1745241132
1116486004
3774866845
7889947800
6613766468
8371784536
9822969808
9204748670
137416280
4809600542
2212986314
1188836195
1395837316
2988964706
4513545960
9144447338
5875494183
7865795091
8703938116
5753483454
6267609457
821380437
3621551624
3864345639
6890489544
9103071434
6336633272
8535815765
9651483930
7052605026
2399601245
1505263066
4842467250
1717521916
9581774419
921364341
8891884274
6278832187
9199747367
3111458215
7571755541
2728976250
6409124939
2041291062
2309468174
7606055682
5011769597
3953006054
4671098241
6050612494
4722463127
1558234027
395799279
6078296773
1190524786
1886731411
4538590954
959961102
4205120118
846480432
1021575053
699120538
4953030642
22604836
2929990175
1603448831
6545698410
3678796512
8393681448
3089957342
9901913726
8394145402
3714401350
5117584765
7972037067
9274653361
3333132871
7659289536
1808966571
6178238030
373924346
5309326217
5987473137
7744153081
7653579203
5822865377
5912721869
2043642077
2167215825
9397631640
6566608576
290465664
3407212104
1225277727
9868635754
8042008609
7642255532
5931754387
5378907853
3275885958
3865828069
1462547262
9189015937
6762407794
5925699940
9315310690
3547721438
6390048342
2233880248
2025222468
5528231925
5239977284
2384500020
1913249440
3564126327
3719497763
6152444456
6021248557
4118413693
1923878306
8599662071
7740848066
8627391697
1092774501
7831805213
7163917653
3401414266
3792741865
4812161866
7261008651
2776102096
5073185585
6808502109
2783308523
8984360673
1736066763
332704087
3985058753
8598447895
9501911538
2991327826
9907646047
5680219805
5493807765
3807418706
9362117754
8773132737
7848529853
3490941094
456994971
5658823317
1493424262
9375311019
5626745579
7340507642
6015577507
5829434196
8704149452
9651260860
1091182642
986931182
6103262522
4361265184
640306316
6798368745
1015060836
1990079873
780281103
4932015184
4512077926
5064121609
5107387374
7165878932
4720196410
5266283762
4062770595
492461470
3211015172
819887150
7788472428
3449450354
5631226661
2580177991
4257270938
2734583571
2250904977
5669982579
8937472431
5113320659
1872694822
8299259550
1709380873
2313815937
8744132816
1411618692
6651932333
4980368388
7225375995
9289358281
6340994427
3480904397
1623855934
1607798622
3895699095
5831675083
1152825200
3223061606
3362767530
5141467942
8876196793
4045788129
450368300
5730828417
3193324135
58494102
1435353934
6247259939
4321637198
2551577713
3902742050
5755074466
9223416290
6681115005
3956244141
564070811
5878926142
4422490364
1104476963
9737418830
5989541125
9130782869
6340803576
1999627704
6916357134
9833740058
7743250922
8793563587
467318137
4806752375
2967187915
2183236043
9973696164
6106512182
7373490164
2792922527
2794913022
5159456965
4037029221
3333213885
6250030405
6470047054
7841462001
4948808668
8522215512
8675849566
7501310273
1837679978
2044691206
430781788
8147733702
7380501720
3794253933
2804948257
8047862553
3466486027
1842106663
186570472
5267526595
962794163
9828201224
1989364564
8508269150
8464847872
3899352694
6707968880
8962896321
493339555
9364178156
9247738672
7636632906
7776133676
9549060034
114294336
6859305620
6756123829
9468904986
3968237887
5535782740
940117198
4577457993
4688394039
1999929235
1506550057
2503300055
9347064168
8729046173
5680799417
9515841316
8248643991
651391664
256901097
2050730338
2364319273
8899921800
9869385973
8371256671
6037815857
6653976781
2768226809
5671834578
4153157564
7624732311
44904918
8067313216
8079549791
1108164038
7439365150
9069757509
95129480
5684847337
1892343075
7945120255
5189697209
5390614035
4871091708
5060936065
9618471391
9533390713
1094759865
3037767060
8564597638
3024966159
7285666105
2060008124
8451485116
195846113
576821009
7571258089
3169503061
8964626175
3139853075
1643802741
8742319971
457459270
721631286
7580548974
1916688956
3888580863
5626594597
8398923403
7607150624
3266621536
9299457469
9874787857
5762900733
3494288359
8321150727
9364341877
508775345
5950347200
3513429398
6298832788
6117100237
6487511180
5161071111
1484272523
1124179918
5871818085
7175074510
8600582086
1596041695
9127096812
138016952
2618281256
4213313571
469268959
5013928702
2376634902
2253467001
8446007340
2979456687
9153696205
3016659420
9734516400
4600799097
4388072145
1957023343
9693712130
1853751836
202565904
9327429925
4542845501
2516992938
5071708310
1570611811
4387798655
9207930007
6628453476
4514337821
3083553911
8310038957
6836826239
4240635655
7798080871
886971542
3461522825
9214203408
6041918494
3177359109
3650758401
5788133821
9062899293
5905052749
7195023872
1751214643
4121616601
3014142262
9063829831
4215721327
9434197340
5459723668
9900042294
1881933992
3286698492
6275984400
6370009983
758317973
9479488160
946063322
6370334705
7065334269
2536472530
1608846935
1352493317
3637549356
9101824135
5996915368
5087071346
5827128837
9971004747
5615155737
933158350
9346497118
9328884393
2683533785
785975207
8160500121
6662111864
6113925358
1821648081
472862639
6005234985
5824366151
6329557656
9600189060
6836560661
4135401969
1345946458
4011031648
9583800758
6037223900
527347617
4500055682
7968379557
6643580061
9044928972
8095453971
2901141748
4905505333
729542134
2810216937
4051555400
4815902266
2400632149
6160761588
8783796901
4616939157
5248256049
4670123385
1538006929
6938118675
7982495607
8213095928
6679632130
2420485801
2128242675
3095099378
1975507052
688572517
7401042728
4355731734
3261105270
6453716213
4499625768
2769625248
821645523
3739306941
2090706321
7554764617
5521862879
4474648125
9046048322
175231876
5880983552
3992142198
8158869738
1428110656
3174085435
5605334884
7900304838
9014151792
7520314395
1912957468
3154580581
4342945484
4181605391
1679886515
2534398072
4122784178
5674261158
1526047322
7023190203
288792294
1484204856
4523127991
2969458278
1298666561
1473259672
8647777900
5283656838
7909508908
2344918458
6243147466
9085772172
5279213449
7858101465
4032400546
6579439230
3859846015
5947851554
4005614111
4554085995
3234661054
4087183171
7596381793
2594965625
932796405
2994677027
6126725268
6473015872
4320223710
2563817632
4328515780
5662644911
1662423531
5489684920
7940133364
6897589304
4772518499
7876164302
1012591479
92485923
8854281898
7148584908
8941679619
2778652250
3158824269
8715910264
7755028080
8014424542
6680509898
3321516972
643759458
5340898946
3241488537
2839938881
2023085565
6752489184
5937317989
2687486410
7635013805
9486693812
7859959291
5607371087
4753422837
3301682948
5234094170
1910021930
4473741334
4890235141
1730025605
9834122361
2679182170
2655103820
3465433515
8636752189
4212307875
8263099733
9443843271
7724041711
4320740747
2770553665
6287987126
2144786167
574827388
6645897490
6022536533
28258464
9158716540
2097542032
6280834599
9065568558
2271440056
6407778703
3957870128
1407218229
9245936894
1685553373
3532388330
2510126861
8506564161
3191250772
7609537265
2968793740
1689538573
1625107177
9627169087
2785529503
3037960646
6632818169
2255430340
275613942
3724199778
8848918221
2617916053
9627581051
1123061921
5136924082
771643987
3835149046
3558834950
7804130395
2484737190
8424785442
6804769846
6872068854
1017140881
8458768928
3221476383
3643940205
2710777447
9258116341
4100306256
3436752362
8729669171
688710734
4019697247
7711223868
1631291635
3627011891
9369720404
4615402082
6548889224
1754755431
7382852665
3624939688
6814699547
8056758087
5021218438
6155692208
3263812743
36379250
4441781562
575796828
9995688378
6120593011
4106057516
573490510
4639608388
8126015164
5839814616
3121713752
2247454428
2167899550
4623942385
8962197140
4576511708
4557763472
7909789842
3012404931
6437149189
3326481698
1245791693
5477189434
1964536922
4243401270
4134855119
595414800
42237556
6429958054
1577457731
6651302137
1514940918
2983998347
5020888623
7522604474
2135563817
3164048787
2003189049
2559755766
2823175438
482840707
1307754359
8878285566
5774666308
3899554053
3071743952
10732649
3820738501
34881255
1689586541
5371576563
5440547813
5946996338
2960650804
5641838993
3662848581
6051852143
8920514887
1086002237
3885907315
9607318215
3169677768
12477449
4778977872
931757879
5252049197
560840191
4845376264
5881055064
4650376556
3104019699
5516193533
6770424707
5676995966
451450064
2558487592
4868177790
4190254345
5690147228
5630051151
9600506805
3504409797
3417208605
2219532147
1084655254
8918199791
3541542874
1495369142
8010080817
8376119333
3940114305
3047117723
3465574879
8085089072
9990222679
1516278324
1535421072
7834000161
3415265927
8296210139
252625454
7664336996
2280221954
785246513
109007256
6874072925
5311403246
7404673095
7365678525
4973380912
5129963048
8685378690
6859845320
2488363380
3948789238
1953782335
2584067707
5801149533
6052744514
4736512089
6103274852
4169990971
9812299815
7910350193
8728398331
4279489924
1111876241
3333744421
106519420
3473476867
846220452
8056185615
866189351
9049666090
9523344106
9247492565
1363815303
8555090353
4548937910
9729655440
5981190935
3174526169
1231445512
3417946697
2147840454
7807558588
7855525394
3082035687
7374334573
6914086831
6811622892
6975409416
7644444586
7962581215
5441638372
5037528979
6048400128
5040665861
1566543685
4135007971
604051000
897922506
6030881744
6859640736
924740142
5006762066
9714351910
2095322495
6441875746
5042153434
5208188070
8375206235
6581799225
1385978171
6772422656
3861312327
5496667978
1677210130
3441347277
4304710258
6097035025
4448068127
9946361642
8418566268
7799509715
3276957189
7702626255
2319577904
8051899976
913533893
770386255
6519151180
7866745021
3195355418
8194268859
625809386
4964857638
3938024238
2816481962
699228761
2589578636
2115143728
7101558937
8828792625
2941791170
3759214287
8498286791
8450740281
1988845404
8339987897
2363263735
2308779106
6759695965
1108786676
3406441547
8890290571
8341527860
32916064
1312029243
886686762
9961426075
4774788189
2240386690
4418762035
6957902399
5971900991
6057687223
4490309674
334237037
9122966690
8959296839
2394218422
6572197421
8541289499
6192054616
5406823082
3162070514
6163143638
2797359271
4897446178
643477131
8911410577
5716480491
4937434701
1597622213
1268666535
7961735520
1764476943
4857623623
4311314937
5859588543
3156571083
9085214295
7563069010
6346166476
5581597431
1879440676
7553602986
1258228250
986918928
1353353722
9146628669
9714082955
6078219014
5568992283
2394303642
1913082418
9566370581
5350034454
7137463181
1936694583
4766874273
124923465
2226365204
7879963140
3817400056
4952501091
5119287758
6249862497
5884153472
1968368
3971579786
8110762745
7277650547
6625593106
4422920748
3731369986
3857627952
3079410634
7594294032
8974912437
4031565681
5054164597
7183976819
5846121921
4687862186
6391791325
6477569996
6647190039
4582210535
6644682123
4577589920
8186032450
1494012860
6826861501
5589713692
8716459819
2968370145
6512491519
170922834
9410645544
8579097235
2407917830
7093538819
8538260280
365156399
3154984456
922212386
4648371909
4084087285
6612464900
6352134079
4676465538
2335714940
8117892579
3521188361
8543934180
9709130794
2021509828
6397795776
7326242585
928321070
5529939193
7517700991
5816273559
3908321569
7399541015
8307212964
6722451256
6310320756
4895441250
3329168918
374241896
4687332592
7089794209
2764390855
9670474728
6251085794
460843581
8804571270
8741096889
7815503895
3875358883
8084449633
849193962
1063311768
3701651579
7572713294
9846638856
2574329243
4070720225
2314708571
5582218829
2844886858
4816278571
3069516797
7019774142
8909941425
2310667277
7774013502
5207324566
2955024215
9787169417
8853658985
7330872844
4296475527
3479346819
1492148239
393682935
1553102596
9208766719
4469526838
9477948711
1794457144
8719034482
8401631189
5720186622
1573465063
9835162646
2445676488
9155232495
8376375846
2275278206
7820232076
8885854219
8473413597
1217084967
8270222039
9125152358
9168879205
5941734727
8219111971
3374164482
3750656819
8491137111
4895029191
1605285736
4471069199
3209051830
2410113211
8124018931
5298977127
5819675904
4058451848
6485276763
38833029
7990469656
3636693724
2331879207
5469929647
4757526582
5876798939
4718423668
8553399492
6183757443
4809465333
2351756021
3655998035
3588791940
8561612728
7462449430
7356077605
5857247281
7692671657
6570806745
665571031
5044731967
2454407187
9252159319
5743563899
8978555166
671070966
2215371793
2718740366
6723538325
1579518887
2419619367
5571247878
4979278371
2016192765
4129046602
1398614429
4666606172
422603766
6037292131
9770668002
5371221478
721400207
8473860629
4411151276
4413940783
2016221541
7275974154
5715346688
1641858556
4541007816
6503564223
879114586
8144013274
4621956398
6125508410
1388098484
5925331221
1813776996
3635395597
9707428784
5837900949
6862466725
2236688535
2739684123
6729466102
286380965
2070937617
6158684746
637175174
974313049
3409329077
1990426047
6286483694
5068001897
1570630809
9151890386
2337168605
2949586444
658033860
5485264557
4466710876
9101751078
2990736123
5282622445
7072016319
8499268151
3206112122
1767637498
2908617625
8065393470
8963255097
5621325397
9885698395
4639912419
5947687733
994943384
8575671442
9342736102
638210846
5806417291
9163220173
2625918502
873945900
2104128063
6093379449
2974579868
8043789129
5429379877
2037131590
4439632578
7232781173
4379762342
7943171076
9839256173
9722329050
493820762
3145031811
9997398791
6339341917
1310078277
6531385062
1047399554
3686012850
8004352078
7891448090
6204520394
4364636334
7532475200
8431618964
7533882867
6374952279
5759050557
6494702451
9416391402
97189652
4999837745
1875552192
1245014723
1985618667
492778009
3814695229
9488706464
811094419
9597352311
33453389
2321364422
6815234893
2893061071
4092087012
6321650319
9287672021
7220456938
8730455733
9570366113
4059854747
4686097621
2868562860
405796976
3892143423
9360543812
2375913962
377430739
8510421288
8456913107
4818130686
3346641376
8555314456
6009269984
3757795976
8715964495
8776280167
681277082
4769544392
8945598856
4930339800
6754759034
838907724
9698084749
644722679
3145394897
5584415926
9579416645
2827258083
9928446884
2313860983
3085965668
3939231975
327878190
2220614803
2692071609
1464890280
1705840712
3597419209
5466799109
4900399676
3344019906
1459348469
899983626
5326122539
8907194982
705811571
4520198317
8504626824
1287016244
5850839070
8875532035
620672852
7491763049
472966254
3599004141
9958299193
8240055786
6869429620
3811744334
8245647991
4955799437
4444000678
9065033851
2194694127
3657074712
3203389641
5288609828
637128939
8903321744
3767796603
3448105844
4909651513
6797453087
2056654127
3868929729
1015100551
3032144308
2704435030
6597511271
8675433480
5852819342
7362313629
5750648450
7312497567
7011311361
4932942499
7574702724
1965634264
3953953496
5131183116
4613991165
1900120778
4834492724
2845961509
8897108995
1781689641
3700571033
8315676401
4504307043
7234623658
6631706118
1154034629
8218786811
5308658587
7098137576
3729618809
4893748802
1144437140
8719800455
1045217714
3650145271
3816553319
4371908154
3134109857
1716511963
8185698572
1540018375
1746789709
6071312719
9088791706
2728042280
4163275356
8196695135
44728521
6099375638
6884378378
1504259793
3883154870
9471076131
1406240134
8814834776
8302003597
9275095018
8193795250
6091221369
1011906825
6515827000
8468709665
4986123458
1790031968
9584306987
3078891536
7490748322
2065996225
9691842770
5160290791
4978475631
8377458462
1169870470
7960853692
9010243760
8185643362
5318432457
3091626764
5839327984
5467781069
5541526346
8386370283
1650874339
5072159180
8399749325
204013814
3204034766
8484631539
4702411427
7208180535
232736205
2950978345
3670171012
7560550272
2704635328
1727729054
6948275505
1021127794
3409433111
2415270592
154677906
5502729671
564517237
7801057059
7575598544
4121565211
5664355667
9873581616
6905740918
9573403604
2359993631
5956715154
5479304741
2240840954
9498272557
4472490877
6736960780
4572829491
6595965240
799823571
915590502
4343596206
6548167068
6541971085
6883530503
5736041175
9681823832
1970965289
1711321202
1985474182
4715374262
4368488228
886433457
1195073419
6506766512
974873558
9027800745
1977743031
2025887979
9686777108
1434523748
2046699383
8153747093
8850585283
1513237683
9393042141
363044739
7889876640
5639336325
7497963051
4225801137
3793881029
9391422588
4417579983
5094784060
927889974
1647149050
5938701266
7269032858
2854804578
3937898539
682430774
4157359902
9036166005
9683765773
8353342315
7948413176
132418577
7134101136
8683613448
4585628017
471374566
6746237119
9895087771
4035539840
1022741177
6659899241
1705509648
3218749073
4446143690
7410116290
2071908815
8706805980
5267939372
5409855489
4331746811
6540703314
2154105972
8296371464
2326525317
4432823697
3254718791
5581508284
7989976338
5928421830
4034928434
569741353
5434483433
6882061343
4534010911
5322083310
5145640598
9688346545
7680474128
654615629
5052002326
2044865037
5288247686
6114967929
3541401758
5476125484
3128790259
8870733716
713494033
9803398008
2369540023
9235864817
1409867336
9401718358
2961954751
8456940787
9754646581
5868822594
3332513848
1390253850
6974263272
7236443062
5008343704
4907544318
1190566491
1896498202
859545790
7256603419
8369157429
623942824
2547364530
4851331953
1813193061
3037475321
6204208060
1790316997
8804546112
6421462466
472851671
9325419607
3354993171
7108959823
7472199197
3399541501
4412637119
2053878629
3692696913
2466639594
5024546550
4975652847
5045464207
5115881778
8490726484
7213663695
8146648704
6275550295
518119713
9662652144
6150628402
6620758103
3622109049
6989039199
6595710878
5941125148
9077093514
3891644708
3923270071
2464271630
7077087354
5427911354
1367121385
5581158976
2126909815
4560146009
6149561972
9956468574
5554676011
7518691754
7815059354
1314967091
9633820082
3481857113
4660516275
1286115040
2631374585
6291788460
1252771801
9870041253
6900208415
1232451678
5983789175
2951137422
3143929987
2793147987
2960336050
2716700229
4892327950
4145299506
1858726610
3491306746
839573928
4816833424
5072720746
9641463163
9893123422
3541968568
5797369795
274231625
4643315747
9630838958
7823246984
2632532525
3196529008
4848624787
9384963590
8203745744
8132675891
5810898732
7238977719
1553059096
8543777001
4880323344
6214230232
3914012288
8496197495
5629545907
6629098234
3411260243
195416326
446828994
6119055749
794001084
6356509978
6303493850
6362474318
7264587361
2069487853
3536018706
1456872446
7718652755
9944973357
5675885988
1216751777
6483929367
7352440199
3936523932
3903125269
4367978083
7127813955
4824209584
1738873473
11285538
7687420110
7290470233
9368136353
1090194820
1957251399
1912965738
898819732
4729406443
1561594606
7690488021
7640204518
2373270483
5023758144
2364382718
1009339405
5344933590
2823429728
5927602818
5274209612
2681475608
9092390361
8853808126
7713029860
176957806
669275097
2573328861
2801747831
2892448016
7448023315
5584173667
6494633410
2025963821
50236762
3043198500
1600435806
9823258324
1733541321
9790506488
3447547931
7988335690
7889245907
1857919124
1175282197
8744438151
953877893
1031986868
8918872581
4038338935
8821473314
5053604515
2767317173
5547609227
4348614364
6551785766
5284126299
8799565721
4409523252
4163510216
449283333
2475408867
112053810
7436594514
714659458
9557734303
1220406420
4586984892
5891798382
4303235533
5103743645
3879391362
3118140181
4607965219
8868107377
826243939
5556662859
3934251796
6167705835
1076194663
4682120268
4270407834
4880668763
5117544241
8436237709
2602450453
3068844370
376968235
8239782434
1981364340
6931022324
5933810649
9304776579
6107861348
123253614
1626774857
2746096927
8361355877
7486163711
6771065053
5984676061
3661375637
3921529594
1614693019
5073658816
1220830899
8993419102
6129529508
2624465229
5123800143
3185982900
1113982568
9331533967
245075421
8256405320
6641831892
8692008015
3155981475
7210213493
2509693727
5309651646
8033740157
7910694061
3023877423
3628238363
8160406553
6895454534
1672700942
5081428776
6130299733
4362056482
1182711898
6948745156
5867795980
8252453943
2935264658
4835291275
9189425352
7106364040
5476529200
6087237266
4170942300
2739684725
2374229309
5048784031
2025165087
4106192087
9589278446
8825023206
9938358194
9408601668
4106274991
5642526373
8524885496
9494440563
6014282297
2435820571
7966060129
9802798986
7133788055
674541017
3721309651
482501111
9728222171
166234628
7727905661
5157093042
2737349397
8666617476
6752500376
2385946817
4415298664
3112363982
8541651282
1342164423
1459270771
7262652456
3074980682
8097988990
2079827044
5368833645
4089912729
3493137521
3452243195
1228756423
7572391855
9359329524
7101033167
1195691150
8235700031
4264880476
287080179
9624197295
6803888135
9452229937
6502455098
7038766430
9439778701
8092746712
5851916240
4088855344
3158649218
1634530502
210960327
3966381833
6987101874
3385944795
2997273608
2959429248
44669606
4616810367
7230512260
8020674274
3208817735
7884550563
2335726937
5057204953
8483056430
1107703012
5271538014
1917921460
8604804061
9588164972
911317618
1916545155
5050948720
5113664987
6428479009
8674811784
7631046574
3129200826
9062039848
9517244032
4922889201
232762500
4332241454
6870387472
3339941280
9286174849
6229373331
5554667195
4942387958
802668622
2065245983
7096805572
5962680225
6714688523
3549957250
6174199400
1277306266
9369742207
5430554302
3359493181
1353093524
5031093412
6339886410
1806938657
9460218192
8678979239
3452074728
6165870200
8768460998
8018997928
758036868
4691955652
4704153234
6616128759
7755952637
8341149544
1155321998
7099511894
7695483220
9306024110
7105136623
7284198158
7240130378
3613944989
6599103659
6378462592
9838904751
1153269547
6549615549
4214231914
3486944567
8805214891
9477794885
9305485712
8633681248
5569075719
8925406749
9898943193
4804712018
5179950081
8220847689
1967201613
3410459796
2680418903
7252261043
5631305478
2930955518
4899890
9716165951
9363132955
8222079920
7793313899
7181815453
9880343574
3907537188
802750630
1941125941
3770273948
383380449
1243215840
7234265693
650002834
6820590726
7899773223
76958939
1372090804
2551665929
3547747810
2840075697
827160592
7048873527
2139287882
1488329513
3296105729
6429496046
9970455043
9167366782
6146230189
1170609602
81366003
1597352172
8103363679
3284810249
8563473120
4294280238
5647072275
1191447022
9663586047
5318220380
5314118788
5891420451
6913621672
9187901590
9107465758
2358553828
890552651
9486100687
8483271458
9523639665
2419996668
537794787
126869439
9641313482
7542795821
4732258208
3711693849
4118114160
5238488185
2710683632
888190922
7274708526
3451425370
9174338799
8400238850
1956517302
5949637126
803861106
573420388
1153625938
2713312239
9813903098
2873977679
4804759211
8565103370
8217803766
7643417406
519912948
3539711849
3237229175
9057358949
3342760537
5373289675
5584427725
9808548627
3712011794
1955302908
2503821486
2445364335
9717234544
9896667263
1701851620
5300805201
2903786682
9805787073
9046458731
2816901814
3323403001
2954508626
4838488373
4896197678
1697503461
2624380541
4966747672
804522325
6962025592
6030548366
9400628593
9290545545
1202634103
1552768969
8600220466
2202907617
5512352532
1580622660
1348381827
474251702
1925907156
8579786266
6132337268
4784189038
4045830209
8886858917
4893260879
5788798656
418914102
1073202910
1392691156
20526119
6207175408
9937394091
8230059745
7579017808
5297892058
5317373374
7886271924
3761239457
6006424468
3341425193
747380833
2039268249
1803851827
1494389072
7508479913
1298148601
8405845829
6032713245
8923219632
6213411274
5288124576
4421518904
2776007853
1643457545
1503988333
4430827827
1056889932
393608552
1202482123
9982825069
6121606882
9149848467
6242841378
3824462625
402349560
5621965250
4327588789
7911097622
779655808
2825223040
7819358692
1401757840
5168372564
8984743767
1151434988
5819491062
4688197356
3218719314
7364390372
5551387836
5076731617
2689123536
5937130305
7757592570
301594089
3280469414
9773523887
6225271351
4035374962
7277291746
7573290191
4304351302
3648151954
1580173222
7308009481
3899668631
8399385589
2972915214
2908807973
5514761821
850463562
5170746346
2061735784
8873390593
4936056535
5982624620
6971934784
109075763
3106989480
5336917859
2743730392
7504613276
8971645229
4085689680
742839062
5832531388
2122840123
1629061275
4468993746
7112213001
5531414395
7654996880
4876071966
8728256786
1153660454
5524014163
1725762823
1985025570
2671779038
3138928462
8258738775
2880401103
7160268278
3670205565
7141994138
1833223135
2407690503
9918640009
789839340
9378566513
7457253932
7864223687
5073897446
8147291485
9618000500
8895279979
2275112314
5080204741
296050703
4016890786
3056934923
8868144602
2430000566
4899998337
313078060
3557217257
788693824
8548401777
8342475754
462945445
8636037119
2763938145
1348630243
1916937575
2723254872
5268434259
5366533460
8966232566
905235113
148553284
2209609288
24720179
3692264011
2871808394
3129358359
2522495516
5544726813
2460114399
9486770586
5637301111
3713339291
8669546826
6989164393
9835466067
6643023365
3885086945
7514070738
6937782144
713673164
928787585
9872565630
419202469
4292337525
3617222429
3267288710
2797312857
7040889282
4110632466
2666239387
6365388778
9948530355
9889918735
2898409893
8016996977
2702442712
1168683436
4299359784
4422572908
3884335599
9984281849
8632095234
1258332732
7830362443
6213005795
8994771406
7456748198
6278440083
825257426
2924336726
8398980862
1525993090
4497584777
7752652255
6450904828
5236949525
5163327239
6051102622
1564337158
7565011895
8316347531
3289161293
9526463974
5032551957
5198357306
5326382834
6889071672
2006810667
7395897468
3744402613
9889041278
3466081159
271844958
3150565020
6763001655
2260737582
9782804912
3382424511
9814556447
5072463055
8365788528
6750860089
3895996293
477876567
904858094
5084423184
845820757
9786015051
958322719
2311504076
7598456439
5064379142
5926736059
2186753162
5806995628
7505892718
3989467670
6258828570
7037456015
1772918351
5581461370
9474099273
5169592572
293710195
7781883619
9257216118
2231409777
817626381
291732694
6806742996
9731097471
7523229569
6071110773
8561596015
5008065821
7615109559
7685847154
7794295731
5678709005
7561382087
6441213115
4974574789
6778866908
2439375296
707090144
6345010840
9786834254
6513611776
4006709692
6654333870
7391354449
2845128156
5063045849
1173340315
8656885981
203929113
2478639672
662819203
1661480033
7993297791
1740652309
2554555734
5788658100
4879021303
6998309924
7948197718
993914493
9657702253
3794365244
6545716056
5197995612
4828891617
5890899377
5163400793
6619105123
1838819525
4341835246
9258635796
9614879179
5790273460
5455557664
2046162442
7894849008
8732730417
4882446839
6489545617
7250947023
7651565884
163428648
5966340336
9258019198
9703891813
3950384299
2933944413
7291393462
6239251362
5785594514
896734130
6351361429
7779852290
975848870
5260828570
438611704
7203135959
4022195196
1743659253
210332225
5755152534
4975965998
1131767597
274326415
4628142164
4707464881
4291447578
7024678425
9384644018
8390733711
7143722340
8774475481
43110
2152113436
8353263185
7178424019
2780773493
2220830513
1907926393
6261935982
1482108743
8657554369
1341214508
7032924475
485082770
4170928002
6896055565
1109611366
3046478140
8693151764
4496123654
4232228143
6216062213
1517987938
600429473
1284581610
8656707277
4278541401
765462744
1393539575
8996146699
3900836533
7116126489
689298459
8318252798
8840737745
8226079635
5277421075
4034735814
9074862548
3106517666
4417271649
8101176704
1197409912
9827893963
3974145076
6513281680
1682442878
6896294842
6704893138
1340393494
817753861
6168664385
5403443031
6330495676
1985921048
4489567466
7009653683
4852565686
9317085602
7716287615
5714904338
6781074807
1506408256
4843794619
138246335
2030245498
2684437195
2837274680
8373616759
277874385
2021378812
4550920195
4933211635
7911363361
5364077953
7235376285
4514238909
5130104039
8823947492
5739149766
5407641633
5547546804
6513468667
9535205415
8580999645
985222698
7188739039
1409109405
8596187792
8086779661
8556115265
350140172
9176678757
6472990705
7871803035
5248139292
7269470617
8200568658
8200358673
6591999133
715240760
2368418511
9578950567
6212812714
7415951512
844367586
3034523138
1627710916
8506905997
6082298870
7801677156
5645819192
9108155953
4279622469
7037940798
9596627922
600088806
2127591549
3345880534
8935373749
2371721133
7182752915
5650073980
8800419025
6929029598
7867112962
9455574619
2659376291
7078034208
9251347686
3207034634
6385260489
6376797687
567087973
5405273356
4177675607
5120826681
6098755795
2885643104
261812376
4895930141
410884099
3743275712
3768077294
7078875714
9137020826
8509480811
8526137505
6834407083
2334378930
2597307770
8537418774
8619199030
6553911927
4926464165
7600267565
5437675054
869693337
498228505
4846523176
8868569370
3587117008
7048605750
327400420
5762593787
4860881413
3395998363
3041486416
7571754476
5469109823
6782544781
1400265969
1559281713
9496625017
4307454638
3053724724
7562034939
4918103695
4136486056
421508386
5352416327
7954617407
7997449426
1463892975
9578442782
7692557611
1931347702
3830550935
2902384057
354985953
9174520118
758785913
7896002842
2026799297
7862045842
8812142135
8290113443
9793221225
5762217735
7418014300
3453395574
149296472
4872157225
4314523602
1569394210
3789300618
2953041121
830289712
3730515395
8132331129
5950290643
8300374741
1820432952
3107859860
5773906974
8760669680
9411807481
9121542566
9649970503
7759965723
7639353769
9643133723
7463136656
1654522652
7033048977
9852850751
2588872936
861013741
293427096
6442675208
3522657326
9008513512
8130556524
3294464018
5680950724
1307288371
176850614
4416594954
7817468974
3920647575
6660183186
3545233352
1981732706
2385464059
3694403535
2518445672
7992800512
1600775919
1404665376
5782008396
6208958079
7182489148
499251555
1989919258
7390718997
9861213522
8382016380
5412732698
6181025813
9783759697
4295477468
6895329495
7698354076
5954708669
3044909461
914816986
4969062098
7094209435
2206275627
3309472776
1453776085
7689022618
7931614689
1619732017
9710243546
7000722835
6926017305
7158917983
9056713363
5194594486
707348203
4832785916
8937650775
849232412
313197315
1887391850
6331945418
6123850838
6757188801
2002746732
7493746246
3845912442
1767713368
1267781603
8367104527
8897494878
9477342178
6332124509
1847097616
3586811186
7452460115
7441988422
6685869465
7432617346
8620504710
8303710745
7332615839
383091065
2218382814
9264984539
288820071
9315599557
5076965715
9919974862
9000512143
7411044739
7917056235
4659590581
4249514756
2853098550
8865798994
9740876744
640348462
1472900400
3195719415
7868955688
2423638656
173060313
8185753370
9183154892
9033721723
9618687953
4965875639
9512655037
3570334615
544009755
3488868542
8881231196
6315628853
5135686429
9325234984
4077349158
1305557290
5158900110
9001019853
3854530732
6236690358
6519325491
6799437834
2046094064
4811530801
1375304909
9560139490
4456812860
9659397529
8198764286
9136813031
4366265461
3786713930
6855661334
3311593740
8059637239
1532945389
4729406244
448409567
363957764
8867651061
8136076137
5231332374
5219906752
6611972950
221809101
9183061545
254225393
9211435735
6947251278
4682322661
2971431565
9977177308
6082570535
3834610422
3645632824
1205379678
2138581770
5004406650
7754230146
1097459923
1593285025
6180211746
721748027
7371424857
2094852005
9068386938
8314569944
2138651640
5445297515
4526575787
6988036731
8291663461
2715828995
2427807183
3583986979
5169760574
6799986550
559889748
4445318565
5786856775
1124118949
562613296
4269256299
8639272747
1300967763
4689744741
8756519700
6735349511
7842314151
5679530743
1553042610
6167578243
1840088688
9042379557
8522067534
2546643999
6703645607
9719551384
8835268023
6788740845
9638620938
3814408396
3863559925
4467371948
6171481700
1617887951
1568507770
5990023693
532888067
386495309
2810688876
1495863484
305157343
9045721846
2299942022
3937301728
5000767257
874326872
6367181275
5978876874
8617236274
2334834414
3937566110
5584585789
9044016699
6150366028
6757738323
9036370431
3771434021
385976924
7078816758
779954472
7004995093
9469744230
7549860932
6376994657
621154055
136446787
5806913376
5383126618
4531002581
7625274657
375974122
6901585446
9966797341
3987016531
1676249296
6970701433
2342658118
596927813
4286687991
9993412704
9965315942
9944533997
7604120075
6295201315
7482915047
5343984954
3650202072
1705630804
5947083361
7237985284
5803181289
4729178652
400616657
8728897465
3589653345
7535832234
7182541769
8712921634
55344926
8179732237
1634338770
7100103855
7581941766
3030637827
8227157620
7312497594
1515084550
9069898650
8883979178
5249018489
9371906427
5187598084
7337251807
3485718529
2097606769
5018301022
3953712874
8531734135
6508698880
1405565899
7755591956
4653082905
166901611
6739898349
7040365048
2892250811
9315060133
8046839191
7616858830
3136398828
7573212702
4225086869
740767565
3432704601
3619980801
291120996
8492574850
7960485291
9027061411
4289000510
6516247361
3205389242
3774610208
2734077916
7903687735
2513133387
998006099
1564410299
2557865173
3888653104
6246520495
6587631863
6312834179
3009709491
6126289843
3078760534
3117910873
3032201824
7377707541
2953686876
7839571277
971472805
1313983070
506288202
6304300465
9422165407
6629207157
2273107865
2828406428
2920226760
5669183095
2607748311
1476251982
6153938773
1823350359
1839532266
6915130757
8724979597
2256475147
7307360298
3929960991
4048950782
9220389259
1805337402
9002333797
3819313327
2112375568
4543061113
4276074248
8944020579
6768738830
7166268592
4912502670
1556251563
6421403364
6202293429
7637266565
573244985
8861516839
9148606639
6305402727
7025023905
721978909
4682798578
4613415150
7656561746
2054738362
935019410
518508095
5406247543
4082578553
4346114572
3703848250
1111571040
8393893003
6980373112
7936401694
3918812637
8717590240
44837369
4256632945
8574871224
642246007
6429703261
2221636132
220111922
6864417796
5179716044
9267441136
1250277823
2701085103
7091675616
2164364468
4770917823
1785501170
3674232538
925705504
3663994932
5252357700
7213822232
7321078479
2566221460
8123813804
6470787542
6666767448
3157784878
3886549449
6789665789
622488602
9929455388
1860766360
7832143240
2338477276
9271911781
1729064954
5842916163
7848754258
6668509480
1357494574
9521461065
6785942059
7732543141
3116076778
6219938771
4267355361
4590193161
5508630096
4620687022
9449472713
9270025322
7494120173
522254193
1685603832
5372447968
1699906793
8232374698
3643585146
1914516749
9329338106
4785618913
62614205
3360033189
2073419888
9071187882
1695959286
5382227980
6251635244
1223578707
6268234043
7455099512
7772946586
2611913058
2340775506
6183698048
9893140067
791178106
9098832633
4335092642
8698536160
422337361
632852434
5133827255
746195755
2339021868
699330929
4966786159
5155290594
9117657473
8599748807
1330713096
160790335
7155417894
601067671
3145041581
5394637934
3743394457
4205510266
4869280843
3822180674
8051716271
9218761278
5696078445
8118921795
4178996669
457667288
3170166003
3817879978
4773182636
3680156104
6336007033
3223262197
9967676150
6493073886
2697275772
1337367181
1556450300
3776204485
1628729678
2685017864
2441843590
1005145786
9802152833
3806681986
3288791830
3938118537
9664032993
5676406677
4950380471
760580812
1466983798
8838299536
8901604475
5993828580
8120144882
7719925322
6955024058
4759963847
5628136921
7916257873
8390241727
9425145040
2512233582
7412120012
293128826
9582532253
5740993697
5566156789
8848966169
6076295085
6152451197
7153763320
2101728791
624459968
6501928304
2119293352
9855163053
8264362956
9473529891
9353639385
2251709924
7622129285
2409581508
7072598318
7753971880
3617658596
5445246335
1394867125
2016552782
8419668996
2529756624
6163908225
6363799699
2913396942
977695912
9526101459
9317171078
4906943023
5502953783
3298417915
5628133633
1026630540
8028366069
726971352
8971569591
4304445274
418762997
1255228439
9208582733
2987900611
3558232649
1241225908
1509893264
6626597458
1399335291
9052979739
8966922893
7153302889
1183404083
5551564861
9216190536
826100996
8425052094
6320659608
3667001408
6583557006
5139651856
160127966
4750635971
9590707295
8860019360
4484610863
4351351839
3367146908
7035544829
3993884299
3199669311
6209254315
5247109712
4711461739
8798524996
1763379888
8556852493
4193644249
4972354695
3115174320
9265159696
789890433
83004512
6680402049
2808581438
821841941
9440911190
2508360079
7184198576
9331567848
338030774
9299823443
6209165705
6516988314
3124464945
7718829766
6436488048
8377963740
7199267603
7212130068
2857042301
9805674839
7027607693
698110802
3498507554
5128558392
4512856678
6122117412
6788652292
8327065001
6272145025
6102557637
9927776872
9562584609
7389924030
3635812320
9879744362
6639535932
6145885880
7311665741
3137133551
9595423374
2142576536
1827272030
7699947812
552841632
9012938441
4645576021
2567784067
8828746089
272566313
5132946019
3443657527
9835779804
3836789737
262317411
5138369619
8734737314
8062122267
7262258974
822634075
4569917820
3442431810
240970656
4588508169
9443003860
8474354234
6818173363
1549716941
8806784232
4424977736
5650512085
9784425527
4675153117
8027448400
5341655019
3040638267
2401435638
5646040208
1646819906
6790666133
1165715535
3631555414
2297960442
2076510786
775226707
4493997300
5839497565
7765941716
7089987081
6702834819
5472842121
97075691
9223778151
8090261896
251637293
6079693060
354618717
6499407904
950865173
81256406
1507007450
3502782514
6091485647
1202794556
8050913416
9862369068
4988806776
5251119946
1264852850
9990390432
6083095511
7749473784
2592693515
1133524928
4199174837
5665388546
5216212676
2574670675
4003563818
8054023712
9334767775
3354451773
8013633033
7479978819
9481982718
8182210079
8609404146
9313305852
8265752037
3772192009
556765001
7666250400
1191071775
3376647950
5920057870
9591465019
3882923206
1637594400
3001693905
317560999
9180172982
6707088906
4240241404
1319708372
7877129989
5835999426
5606465770
5298634550
9181299276
1308998542
4973659232
8461906360
3596969233
4193880922
9437904404
9121798707
4344873967
8425786659
8836276517
2876567045
640092343
6845315457
168870703
5045489939
2995063892
4843259205
1382933717
5456261552
6908194917
9711717663
9827530520
9035109237
2362710870
7209073253
7846415371
6603441038
4086581833
6906402237
2956348548
8962821437
456742321
2808115889
3117205464
4540975454
8653344890
8162261762
5225204920
2631856006
7432626486
9534095742
2598816677
303085425
198578838
2294314592
5242734441
4848405575
5466954824
1783883415
4842983755
614957007
3487003553
984481074
6324703850
9805579718
7257025230
7782494617
2741346595
6939911793
760706522
3531866925
4296990554
8921221597
3840259933
1431236504
3519617670
86612535
9024146545
9470990781
4582225416
1162831965
5951642716
1269614770
8059759431
8460114639
1657227998
2421340897
7143953653
8481540697
1052747370
3922215531
6154074595
1753196802
4418492417
1315216612
7564491717
3240322242
7056356905
145142363
7462615090
3004846356
4796024302
5035443736
5043627115
8799855451
1455066571
6376019398
2971804956
5131368487
156774834
2211074925
5928647965
5245971214
6443216089
2639447879
3652340454
916562599
6131593974
999217187
928877544
9632375498
1779323005
4119598772
7138186814
3000446100
9440925059
2703175616
7733752434
5471190490
4674541266
6316349637
7397021202
7510019579
1708401949
1123306270
2905864454
1849052631
3824972197
7117925981
1045058453
1825843767
7903829591
250059868
6321878875
2311767759
5142571106
4998864209
2363746361
1393841815
